100
1 1 0
1 2 58
1 3 35
1 4 82
1 5 1073741824
1 6 72
1 7 82
1 8 22
1 9 12
1 10 13
1 11 90
1 12 20
1 13 89
1 14 32
1 15 39
1 16 83
1 17 86
1 18 72
1 19 87
1 20 27
1 21 4
1 22 64
1 23 56
1 24 12
1 25 1073741824
1 26 87
1 27 75
1 28 61
1 29 47
1 30 69
1 31 68
1 32 31
1 33 89
1 34 22
1 35 36
1 36 35
1 37 5
1 38 73
1 39 36
1 40 61
1 41 16
1 42 37
1 43 72
1 44 43
1 45 42
1 46 34
1 47 81
1 48 80
1 49 59
1 50 56
1 51 10
1 52 78
1 53 76
1 54 80
1 55 1073741824
1 56 39
1 57 61
1 58 45
1 59 1073741824
1 60 47
1 61 29
1 62 61
1 63 3
1 64 1073741824
1 65 31
1 66 1073741824
1 67 85
1 68 86
1 69 2
1 70 66
1 71 1
1 72 66
1 73 45
1 74 15
1 75 67
1 76 67
1 77 22
1 78 15
1 79 25
1 80 64
1 81 44
1 82 1073741824
1 83 19
1 84 34
1 85 1073741824
1 86 2
1 87 40
1 88 44
1 89 11
1 90 60
1 91 57
1 92 44
1 93 61
1 94 71
1 95 72
1 96 79
1 97 6
1 98 40
1 99 43
1 100 88
2 1 58
2 2 0
2 3 66
2 4 46
2 5 22
2 6 90
2 7 21
2 8 14
2 9 53
2 10 42
2 11 72
2 12 55
2 13 39
2 14 85
2 15 38
2 16 45
2 17 45
2 18 53
2 19 20
2 20 13
2 21 28
2 22 62
2 23 51
2 24 6
2 25 20
2 26 46
2 27 1073741824
2 28 79
2 29 72
2 30 41
2 31 1073741824
2 32 86
2 33 4
2 34 45
2 35 73
2 36 86
2 37 1073741824
2 38 44
2 39 1073741824
2 40 82
2 41 86
2 42 19
2 43 86
2 44 15
2 45 30
2 46 37
2 47 51
2 48 78
2 49 1073741824
2 50 14
2 51 31
2 52 73
2 53 85
2 54 23
2 55 22
2 56 34
2 57 14
2 58 58
2 59 73
2 60 32
2 61 39
2 62 78
2 63 32
2 64 1073741824
2 65 76
2 66 22
2 67 56
2 68 49
2 69 1073741824
2 70 75
2 71 83
2 72 81
2 73 39
2 74 21
2 75 46
2 76 82
2 77 1073741824
2 78 64
2 79 70
2 80 43
2 81 43
2 82 20
2 83 54
2 84 90
2 85 4
2 86 45
2 87 1073741824
2 88 1073741824
2 89 9
2 90 60
2 91 24
2 92 42
2 93 64
2 94 87
2 95 87
2 96 66
2 97 34
2 98 42
2 99 10
2 100 16
3 1 35
3 2 66
3 3 0
3 4 16
3 5 78
3 6 25
3 7 1073741824
3 8 86
3 9 89
3 10 70
3 11 1073741824
3 12 1073741824
3 13 6
3 14 21
3 15 16
3 16 1073741824
3 17 57
3 18 49
3 19 6
3 20 1073741824
3 21 1073741824
3 22 16
3 23 59
3 24 72
3 25 89
3 26 6
3 27 30
3 28 1073741824
3 29 72
3 30 65
3 31 12
3 32 67
3 33 53
3 34 24
3 35 67
3 36 47
3 37 45
3 38 8
3 39 1073741824
3 40 45
3 41 27
3 42 50
3 43 40
3 44 82
3 45 42
3 46 87
3 47 19
3 48 84
3 49 9
3 50 31
3 51 37
3 52 58
3 53 1073741824
3 54 17
3 55 1073741824
3 56 87
3 57 49
3 58 64
3 59 22
3 60 19
3 61 37
3 62 45
3 63 70
3 64 17
3 65 69
3 66 46
3 67 34
3 68 43
3 69 30
3 70 73
3 71 90
3 72 1073741824
3 73 11
3 74 81
3 75 45
3 76 60
3 77 39
3 78 6
3 79 14
3 80 1073741824
3 81 88
3 82 52
3 83 48
3 84 5
3 85 55
3 86 64
3 87 1073741824
3 88 47
3 89 52
3 90 65
3 91 53
3 92 76
3 93 1073741824
3 94 53
3 95 87
3 96 89
3 97 1073741824
3 98 47
3 99 78
3 100 81
4 1 82
4 2 46
4 3 16
4 4 0
4 5 12
4 6 1073741824
4 7 33
4 8 74
4 9 14
4 10 3
4 11 22
4 12 12
4 13 71
4 14 23
4 15 3
4 16 1073741824
4 17 10
4 18 39
4 19 58
4 20 82
4 21 26
4 22 75
4 23 82
4 24 51
4 25 65
4 26 62
4 27 6
4 28 49
4 29 25
4 30 83
4 31 19
4 32 50
4 33 82
4 34 1073741824
4 35 3
4 36 76
4 37 64
4 38 69
4 39 1073741824
4 40 2
4 41 1073741824
4 42 81
4 43 68
4 44 16
4 45 29
4 46 75
4 47 1073741824
4 48 14
4 49 64
4 50 38
4 51 60
4 52 75
4 53 44
4 54 27
4 55 49
4 56 1
4 57 17
4 58 15
4 59 34
4 60 90
4 61 42
4 62 77
4 63 68
4 64 23
4 65 65
4 66 62
4 67 61
4 68 19
4 69 29
4 70 44
4 71 34
4 72 58
4 73 25
4 74 27
4 75 88
4 76 87
4 77 89
4 78 76
4 79 69
4 80 40
4 81 69
4 82 56
4 83 19
4 84 70
4 85 83
4 86 23
4 87 21
4 88 56
4 89 23
4 90 79
4 91 37
4 92 36
4 93 80
4 94 15
4 95 14
4 96 25
4 97 53
4 98 68
4 99 44
4 100 56
5 1 1073741824
5 2 22
5 3 78
5 4 12
5 5 0
5 6 28
5 7 42
5 8 1073741824
5 9 43
5 10 16
5 11 90
5 12 52
5 13 27
5 14 1073741824
5 15 10
5 16 36
5 17 31
5 18 1073741824
5 19 79
5 20 51
5 21 1
5 22 3
5 23 13
5 24 63
5 25 25
5 26 54
5 27 1
5 28 19
5 29 57
5 30 83
5 31 62
5 32 69
5 33 1
5 34 31
5 35 64
5 36 20
5 37 89
5 38 67
5 39 12
5 40 44
5 41 30
5 42 42
5 43 24
5 44 1073741824
5 45 89
5 46 2
5 47 1073741824
5 48 15
5 49 1
5 50 44
5 51 88
5 52 9
5 53 41
5 54 83
5 55 82
5 56 73
5 57 68
5 58 73
5 59 46
5 60 86
5 61 9
5 62 48
5 63 13
5 64 17
5 65 26
5 66 78
5 67 29
5 68 51
5 69 1073741824
5 70 15
5 71 1073741824
5 72 6
5 73 68
5 74 64
5 75 71
5 76 88
5 77 78
5 78 64
5 79 49
5 80 65
5 81 52
5 82 62
5 83 30
5 84 39
5 85 20
5 86 26
5 87 43
5 88 19
5 89 1073741824
5 90 39
5 91 37
5 92 87
5 93 1073741824
5 94 19
5 95 1073741824
5 96 73
5 97 64
5 98 27
5 99 1073741824
5 100 75
6 1 72
6 2 90
6 3 25
6 4 1073741824
6 5 28
6 6 0
6 7 60
6 8 27
6 9 12
6 10 34
6 11 56
6 12 1073741824
6 13 19
6 14 46
6 15 1073741824
6 16 50
6 17 82
6 18 25
6 19 37
6 20 1073741824
6 21 75
6 22 80
6 23 71
6 24 17
6 25 35
6 26 43
6 27 76
6 28 26
6 29 43
6 30 62
6 31 1073741824
6 32 77
6 33 13
6 34 1073741824
6 35 36
6 36 46
6 37 81
6 38 64
6 39 56
6 40 39
6 41 83
6 42 10
6 43 47
6 44 20
6 45 73
6 46 83
6 47 1073741824
6 48 1073741824
6 49 81
6 50 39
6 51 1073741824
6 52 25
6 53 89
6 54 73
6 55 1073741824
6 56 70
6 57 36
6 58 57
6 59 14
6 60 15
6 61 1073741824
6 62 28
6 63 3
6 64 6
6 65 1073741824
6 66 32
6 67 54
6 68 6
6 69 80
6 70 62
6 71 45
6 72 26
6 73 87
6 74 23
6 75 30
6 76 79
6 77 37
6 78 29
6 79 64
6 80 47
6 81 80
6 82 49
6 83 39
6 84 60
6 85 48
6 86 67
6 87 13
6 88 6
6 89 51
6 90 23
6 91 1073741824
6 92 41
6 93 31
6 94 20
6 95 62
6 96 1073741824
6 97 30
6 98 43
6 99 5
6 100 29
7 1 82
7 2 21
7 3 1073741824
7 4 33
7 5 42
7 6 60
7 7 0
7 8 29
7 9 8
7 10 78
7 11 39
7 12 86
7 13 86
7 14 72
7 15 77
7 16 15
7 17 18
7 18 21
7 19 39
7 20 55
7 21 25
7 22 74
7 23 11
7 24 20
7 25 13
7 26 44
7 27 25
7 28 26
7 29 25
7 30 70
7 31 74
7 32 45
7 33 1073741824
7 34 73
7 35 54
7 36 11
7 37 33
7 38 76
7 39 24
7 40 38
7 41 1073741824
7 42 54
7 43 7
7 44 78
7 45 66
7 46 66
7 47 14
7 48 40
7 49 60
7 50 29
7 51 26
7 52 39
7 53 18
7 54 10
7 55 1073741824
7 56 54
7 57 68
7 58 27
7 59 52
7 60 65
7 61 89
7 62 85
7 63 72
7 64 53
7 65 44
7 66 20
7 67 19
7 68 6
7 69 64
7 70 70
7 71 72
7 72 63
7 73 13
7 74 9
7 75 8
7 76 88
7 77 1073741824
7 78 42
7 79 74
7 80 80
7 81 1073741824
7 82 35
7 83 76
7 84 36
7 85 45
7 86 84
7 87 78
7 88 79
7 89 85
7 90 1073741824
7 91 89
7 92 35
7 93 79
7 94 23
7 95 48
7 96 21
7 97 17
7 98 7
7 99 87
7 100 1073741824
8 1 22
8 2 14
8 3 86
8 4 74
8 5 1073741824
8 6 27
8 7 29
8 8 0
8 9 68
8 10 24
8 11 82
8 12 7
8 13 75
8 14 31
8 15 5
8 16 73
8 17 1073741824
8 18 36
8 19 75
8 20 41
8 21 90
8 22 77
8 23 81
8 24 88
8 25 25
8 26 49
8 27 78
8 28 23
8 29 75
8 30 88
8 31 55
8 32 12
8 33 42
8 34 51
8 35 43
8 36 17
8 37 7
8 38 70
8 39 45
8 40 69
8 41 71
8 42 20
8 43 76
8 44 1073741824
8 45 47
8 46 41
8 47 60
8 48 40
8 49 14
8 50 2
8 51 18
8 52 4
8 53 60
8 54 78
8 55 90
8 56 33
8 57 42
8 58 7
8 59 14
8 60 90
8 61 17
8 62 1073741824
8 63 1073741824
8 64 19
8 65 77
8 66 21
8 67 90
8 68 18
8 69 5
8 70 1073741824
8 71 58
8 72 34
8 73 78
8 74 29
8 75 79
8 76 18
8 77 20
8 78 51
8 79 21
8 80 6
8 81 13
8 82 40
8 83 32
8 84 64
8 85 25
8 86 66
8 87 56
8 88 1073741824
8 89 32
8 90 61
8 91 54
8 92 8
8 93 77
8 94 88
8 95 16
8 96 28
8 97 83
8 98 67
8 99 25
8 100 36
9 1 12
9 2 53
9 3 89
9 4 14
9 5 43
9 6 12
9 7 8
9 8 68
9 9 0
9 10 46
9 11 62
9 12 1073741824
9 13 89
9 14 1073741824
9 15 26
9 16 38
9 17 32
9 18 11
9 19 90
9 20 64
9 21 44
9 22 37
9 23 8
9 24 48
9 25 50
9 26 15
9 27 28
9 28 17
9 29 70
9 30 2
9 31 62
9 32 80
9 33 5
9 34 73
9 35 1073741824
9 36 59
9 37 5
9 38 10
9 39 51
9 40 1073741824
9 41 63
9 42 3
9 43 2
9 44 25
9 45 39
9 46 31
9 47 39
9 48 3
9 49 28
9 50 62
9 51 37
9 52 41
9 53 6
9 54 65
9 55 59
9 56 39
9 57 53
9 58 79
9 59 66
9 60 68
9 61 53
9 62 14
9 63 84
9 64 15
9 65 20
9 66 2
9 67 87
9 68 1073741824
9 69 49
9 70 78
9 71 37
9 72 6
9 73 33
9 74 19
9 75 17
9 76 54
9 77 17
9 78 50
9 79 66
9 80 3
9 81 29
9 82 51
9 83 1073741824
9 84 36
9 85 1
9 86 3
9 87 60
9 88 66
9 89 16
9 90 73
9 91 90
9 92 47
9 93 11
9 94 75
9 95 60
9 96 51
9 97 59
9 98 22
9 99 4
9 100 33
10 1 13
10 2 42
10 3 70
10 4 3
10 5 16
10 6 34
10 7 78
10 8 24
10 9 46
10 10 0
10 11 19
10 12 69
10 13 18
10 14 1073741824
10 15 85
10 16 32
10 17 20
10 18 50
10 19 12
10 20 13
10 21 1073741824
10 22 73
10 23 15
10 24 82
10 25 8
10 26 22
10 27 2
10 28 80
10 29 67
10 30 4
10 31 54
10 32 1073741824
10 33 90
10 34 16
10 35 82
10 36 10
10 37 38
10 38 5
10 39 4
10 40 64
10 41 59
10 42 29
10 43 30
10 44 86
10 45 86
10 46 38
10 47 1073741824
10 48 90
10 49 81
10 50 1073741824
10 51 61
10 52 46
10 53 68
10 54 71
10 55 1073741824
10 56 56
10 57 73
10 58 52
10 59 1073741824
10 60 78
10 61 52
10 62 66
10 63 59
10 64 67
10 65 71
10 66 50
10 67 5
10 68 28
10 69 51
10 70 81
10 71 17
10 72 11
10 73 16
10 74 18
10 75 81
10 76 27
10 77 47
10 78 82
10 79 43
10 80 37
10 81 29
10 82 84
10 83 24
10 84 9
10 85 47
10 86 59
10 87 87
10 88 42
10 89 14
10 90 78
10 91 18
10 92 84
10 93 20
10 94 84
10 95 8
10 96 1073741824
10 97 44
10 98 1073741824
10 99 85
10 100 68
11 1 90
11 2 72
11 3 1073741824
11 4 22
11 5 90
11 6 56
11 7 39
11 8 82
11 9 62
11 10 19
11 11 0
11 12 67
11 13 76
11 14 40
11 15 80
11 16 48
11 17 6
11 18 74
11 19 13
11 20 66
11 21 68
11 22 62
11 23 34
11 24 87
11 25 86
11 26 1073741824
11 27 1
11 28 35
11 29 38
11 30 3
11 31 79
11 32 22
11 33 34
11 34 21
11 35 31
11 36 36
11 37 21
11 38 85
11 39 45
11 40 1073741824
11 41 16
11 42 74
11 43 64
11 44 34
11 45 54
11 46 1073741824
11 47 1073741824
11 48 62
11 49 67
11 50 13
11 51 5
11 52 29
11 53 1073741824
11 54 8
11 55 45
11 56 1073741824
11 57 55
11 58 61
11 59 17
11 60 38
11 61 89
11 62 21
11 63 38
11 64 73
11 65 45
11 66 16
11 67 56
11 68 70
11 69 90
11 70 84
11 71 90
11 72 19
11 73 14
11 74 38
11 75 58
11 76 41
11 77 51
11 78 35
11 79 90
11 80 27
11 81 16
11 82 62
11 83 1073741824
11 84 1073741824
11 85 8
11 86 22
11 87 70
11 88 58
11 89 16
11 90 73
11 91 71
11 92 29
11 93 2
11 94 66
11 95 21
11 96 43
11 97 79
11 98 1073741824
11 99 90
11 100 17
12 1 20
12 2 55
12 3 1073741824
12 4 12
12 5 52
12 6 1073741824
12 7 86
12 8 7
12 9 1073741824
12 10 69
12 11 67
12 12 0
12 13 45
12 14 44
12 15 13
12 16 84
12 17 34
12 18 90
12 19 38
12 20 53
12 21 56
12 22 65
12 23 68
12 24 80
12 25 81
12 26 4
12 27 60
12 28 6
12 29 50
12 30 74
12 31 18
12 32 85
12 33 36
12 34 34
12 35 1073741824
12 36 76
12 37 17
12 38 23
12 39 1073741824
12 40 4
12 41 83
12 42 75
12 43 1073741824
12 44 75
12 45 16
12 46 21
12 47 56
12 48 24
12 49 60
12 50 88
12 51 65
12 52 61
12 53 9
12 54 11
12 55 44
12 56 79
12 57 2
12 58 39
12 59 66
12 60 85
12 61 17
12 62 58
12 63 52
12 64 65
12 65 89
12 66 61
12 67 55
12 68 54
12 69 58
12 70 65
12 71 37
12 72 64
12 73 33
12 74 72
12 75 59
12 76 50
12 77 49
12 78 63
12 79 1073741824
12 80 61
12 81 82
12 82 6
12 83 73
12 84 18
12 85 76
12 86 51
12 87 60
12 88 81
12 89 56
12 90 34
12 91 65
12 92 78
12 93 69
12 94 42
12 95 2
12 96 87
12 97 34
12 98 23
12 99 2
12 100 74
13 1 89
13 2 39
13 3 6
13 4 71
13 5 27
13 6 19
13 7 86
13 8 75
13 9 89
13 10 18
13 11 76
13 12 45
13 13 0
13 14 77
13 15 69
13 16 8
13 17 1073741824
13 18 23
13 19 59
13 20 2
13 21 32
13 22 1073741824
13 23 14
13 24 33
13 25 1073741824
13 26 59
13 27 79
13 28 1073741824
13 29 31
13 30 24
13 31 9
13 32 51
13 33 46
13 34 82
13 35 27
13 36 38
13 37 1073741824
13 38 64
13 39 74
13 40 65
13 41 67
13 42 29
13 43 54
13 44 11
13 45 78
13 46 2
13 47 82
13 48 58
13 49 1073741824
13 50 84
13 51 3
13 52 39
13 53 64
13 54 15
13 55 82
13 56 76
13 57 39
13 58 80
13 59 81
13 60 22
13 61 46
13 62 6
13 63 69
13 64 34
13 65 73
13 66 23
13 67 73
13 68 59
13 69 16
13 70 83
13 71 41
13 72 30
13 73 47
13 74 61
13 75 73
13 76 82
13 77 1073741824
13 78 44
13 79 68
13 80 73
13 81 34
13 82 16
13 83 1073741824
13 84 25
13 85 62
13 86 44
13 87 4
13 88 58
13 89 7
13 90 1073741824
13 91 73
13 92 14
13 93 28
13 94 39
13 95 4
13 96 88
13 97 90
13 98 46
13 99 54
13 100 28
14 1 32
14 2 85
14 3 21
14 4 23
14 5 1073741824
14 6 46
14 7 72
14 8 31
14 9 1073741824
14 10 1073741824
14 11 40
14 12 44
14 13 77
14 14 0
14 15 81
14 16 69
14 17 85
14 18 71
14 19 12
14 20 71
14 21 55
14 22 55
14 23 83
14 24 1073741824
14 25 55
14 26 13
14 27 34
14 28 9
14 29 29
14 30 1073741824
14 31 86
14 32 90
14 33 14
14 34 77
14 35 56
14 36 1073741824
14 37 52
14 38 46
14 39 38
14 40 43
14 41 23
14 42 43
14 43 55
14 44 63
14 45 19
14 46 28
14 47 85
14 48 9
14 49 1073741824
14 50 1073741824
14 51 50
14 52 1073741824
14 53 1073741824
14 54 2
14 55 83
14 56 51
14 57 34
14 58 37
14 59 55
14 60 48
14 61 26
14 62 24
14 63 9
14 64 1
14 65 70
14 66 75
14 67 82
14 68 61
14 69 5
14 70 17
14 71 75
14 72 79
14 73 41
14 74 16
14 75 87
14 76 73
14 77 4
14 78 1073741824
14 79 17
14 80 26
14 81 1073741824
14 82 78
14 83 44
14 84 57
14 85 1073741824
14 86 42
14 87 64
14 88 70
14 89 13
14 90 40
14 91 26
14 92 68
14 93 86
14 94 4
14 95 36
14 96 58
14 97 39
14 98 52
14 99 49
14 100 15
15 1 39
15 2 38
15 3 16
15 4 3
15 5 10
15 6 1073741824
15 7 77
15 8 5
15 9 26
15 10 85
15 11 80
15 12 13
15 13 69
15 14 81
15 15 0
15 16 49
15 17 87
15 18 17
15 19 1073741824
15 20 82
15 21 79
15 22 77
15 23 5
15 24 81
15 25 4
15 26 46
15 27 23
15 28 75
15 29 43
15 30 85
15 31 84
15 32 53
15 33 2
15 34 15
15 35 75
15 36 12
15 37 46
15 38 59
15 39 40
15 40 1073741824
15 41 50
15 42 44
15 43 13
15 44 73
15 45 39
15 46 44
15 47 28
15 48 29
15 49 6
15 50 31
15 51 43
15 52 90
15 53 40
15 54 79
15 55 84
15 56 72
15 57 63
15 58 58
15 59 37
15 60 44
15 61 1073741824
15 62 1073741824
15 63 10
15 64 1073741824
15 65 9
15 66 43
15 67 7
15 68 74
15 69 13
15 70 23
15 71 1
15 72 61
15 73 16
15 74 51
15 75 9
15 76 5
15 77 61
15 78 66
15 79 89
15 80 38
15 81 18
15 82 81
15 83 31
15 84 17
15 85 28
15 86 89
15 87 84
15 88 56
15 89 5
15 90 1073741824
15 91 31
15 92 64
15 93 58
15 94 50
15 95 61
15 96 51
15 97 72
15 98 38
15 99 1073741824
15 100 37
16 1 83
16 2 45
16 3 1073741824
16 4 1073741824
16 5 36
16 6 50
16 7 15
16 8 73
16 9 38
16 10 32
16 11 48
16 12 84
16 13 8
16 14 69
16 15 49
16 16 0
16 17 89
16 18 60
16 19 4
16 20 48
16 21 60
16 22 86
16 23 41
16 24 22
16 25 37
16 26 67
16 27 1073741824
16 28 75
16 29 10
16 30 84
16 31 1073741824
16 32 55
16 33 57
16 34 1073741824
16 35 22
16 36 27
16 37 1073741824
16 38 29
16 39 84
16 40 6
16 41 53
16 42 61
16 43 1073741824
16 44 1073741824
16 45 77
16 46 7
16 47 40
16 48 65
16 49 24
16 50 1073741824
16 51 51
16 52 63
16 53 32
16 54 26
16 55 70
16 56 55
16 57 57
16 58 7
16 59 2
16 60 65
16 61 77
16 62 65
16 63 14
16 64 38
16 65 33
16 66 80
16 67 80
16 68 46
16 69 23
16 70 7
16 71 23
16 72 64
16 73 9
16 74 27
16 75 4
16 76 35
16 77 59
16 78 54
16 79 14
16 80 4
16 81 24
16 82 59
16 83 39
16 84 58
16 85 53
16 86 1073741824
16 87 43
16 88 73
16 89 48
16 90 70
16 91 76
16 92 28
16 93 1073741824
16 94 63
16 95 52
16 96 65
16 97 26
16 98 6
16 99 60
16 100 15
17 1 86
17 2 45
17 3 57
17 4 10
17 5 31
17 6 82
17 7 18
17 8 1073741824
17 9 32
17 10 20
17 11 6
17 12 34
17 13 1073741824
17 14 85
17 15 87
17 16 89
17 17 0
17 18 1073741824
17 19 11
17 20 40
17 21 23
17 22 63
17 23 60
17 24 68
17 25 60
17 26 48
17 27 76
17 28 55
17 29 86
17 30 13
17 31 23
17 32 45
17 33 14
17 34 1073741824
17 35 61
17 36 63
17 37 52
17 38 64
17 39 84
17 40 74
17 41 12
17 42 11
17 43 16
17 44 64
17 45 42
17 46 81
17 47 2
17 48 66
17 49 52
17 50 53
17 51 1073741824
17 52 55
17 53 20
17 54 4
17 55 42
17 56 51
17 57 86
17 58 87
17 59 68
17 60 63
17 61 62
17 62 8
17 63 43
17 64 1073741824
17 65 80
17 66 44
17 67 34
17 68 33
17 69 68
17 70 17
17 71 31
17 72 1073741824
17 73 72
17 74 1073741824
17 75 16
17 76 8
17 77 20
17 78 1073741824
17 79 12
17 80 9
17 81 37
17 82 50
17 83 67
17 84 42
17 85 15
17 86 73
17 87 64
17 88 72
17 89 89
17 90 41
17 91 85
17 92 1073741824
17 93 61
17 94 24
17 95 38
17 96 83
17 97 63
17 98 14
17 99 73
17 100 22
18 1 72
18 2 53
18 3 49
18 4 39
18 5 1073741824
18 6 25
18 7 21
18 8 36
18 9 11
18 10 50
18 11 74
18 12 90
18 13 23
18 14 71
18 15 17
18 16 60
18 17 1073741824
18 18 0
18 19 72
18 20 22
18 21 61
18 22 1073741824
18 23 1073741824
18 24 53
18 25 53
18 26 56
18 27 86
18 28 64
18 29 64
18 30 27
18 31 39
18 32 23
18 33 59
18 34 59
18 35 43
18 36 6
18 37 1073741824
18 38 16
18 39 1073741824
18 40 13
18 41 1073741824
18 42 51
18 43 5
18 44 1073741824
18 45 5
18 46 55
18 47 7
18 48 71
18 49 85
18 50 85
18 51 77
18 52 38
18 53 50
18 54 47
18 55 1073741824
18 56 19
18 57 31
18 58 31
18 59 51
18 60 65
18 61 20
18 62 30
18 63 55
18 64 56
18 65 7
18 66 10
18 67 75
18 68 1073741824
18 69 90
18 70 49
18 71 80
18 72 38
18 73 50
18 74 29
18 75 57
18 76 66
18 77 21
18 78 28
18 79 71
18 80 44
18 81 53
18 82 28
18 83 30
18 84 1073741824
18 85 23
18 86 36
18 87 69
18 88 73
18 89 3
18 90 46
18 91 1073741824
18 92 69
18 93 9
18 94 47
18 95 29
18 96 77
18 97 42
18 98 76
18 99 47
18 100 51
19 1 87
19 2 20
19 3 6
19 4 58
19 5 79
19 6 37
19 7 39
19 8 75
19 9 90
19 10 12
19 11 13
19 12 38
19 13 59
19 14 12
19 15 1073741824
19 16 4
19 17 11
19 18 72
19 19 0
19 20 41
19 21 84
19 22 5
19 23 69
19 24 5
19 25 81
19 26 25
19 27 59
19 28 62
19 29 62
19 30 55
19 31 29
19 32 66
19 33 60
19 34 58
19 35 37
19 36 1073741824
19 37 77
19 38 52
19 39 69
19 40 28
19 41 1
19 42 85
19 43 81
19 44 60
19 45 23
19 46 73
19 47 85
19 48 67
19 49 24
19 50 31
19 51 12
19 52 75
19 53 36
19 54 38
19 55 9
19 56 3
19 57 60
19 58 10
19 59 2
19 60 34
19 61 65
19 62 54
19 63 90
19 64 4
19 65 83
19 66 1073741824
19 67 68
19 68 58
19 69 33
19 70 17
19 71 83
19 72 31
19 73 71
19 74 69
19 75 72
19 76 1073741824
19 77 72
19 78 86
19 79 57
19 80 48
19 81 29
19 82 18
19 83 49
19 84 42
19 85 89
19 86 90
19 87 64
19 88 88
19 89 75
19 90 89
19 91 31
19 92 89
19 93 13
19 94 82
19 95 26
19 96 1073741824
19 97 84
19 98 60
19 99 90
19 100 67
20 1 27
20 2 13
20 3 1073741824
20 4 82
20 5 51
20 6 1073741824
20 7 55
20 8 41
20 9 64
20 10 13
20 11 66
20 12 53
20 13 2
20 14 71
20 15 82
20 16 48
20 17 40
20 18 22
20 19 41
20 20 0
20 21 52
20 22 28
20 23 75
20 24 86
20 25 1073741824
20 26 61
20 27 85
20 28 41
20 29 56
20 30 90
20 31 34
20 32 29
20 33 1073741824
20 34 63
20 35 78
20 36 77
20 37 82
20 38 13
20 39 63
20 40 20
20 41 80
20 42 61
20 43 75
20 44 58
20 45 54
20 46 24
20 47 1073741824
20 48 44
20 49 22
20 50 36
20 51 72
20 52 42
20 53 1073741824
20 54 23
20 55 85
20 56 27
20 57 46
20 58 20
20 59 12
20 60 13
20 61 61
20 62 9
20 63 40
20 64 19
20 65 57
20 66 90
20 67 36
20 68 30
20 69 45
20 70 15
20 71 36
20 72 5
20 73 29
20 74 89
20 75 66
20 76 38
20 77 44
20 78 34
20 79 32
20 80 28
20 81 4
20 82 11
20 83 30
20 84 1073741824
20 85 10
20 86 88
20 87 69
20 88 1073741824
20 89 30
20 90 56
20 91 19
20 92 53
20 93 5
20 94 46
20 95 36
20 96 60
20 97 53
20 98 1073741824
20 99 79
20 100 79
21 1 4
21 2 28
21 3 1073741824
21 4 26
21 5 1
21 6 75
21 7 25
21 8 90
21 9 44
21 10 1073741824
21 11 68
21 12 56
21 13 32
21 14 55
21 15 79
21 16 60
21 17 23
21 18 61
21 19 84
21 20 52
21 21 0
21 22 89
21 23 1073741824
21 24 33
21 25 58
21 26 12
21 27 52
21 28 32
21 29 43
21 30 1073741824
21 31 5
21 32 40
21 33 59
21 34 58
21 35 33
21 36 12
21 37 1073741824
21 38 13
21 39 4
21 40 89
21 41 1073741824
21 42 50
21 43 72
21 44 51
21 45 1
21 46 67
21 47 52
21 48 24
21 49 82
21 50 51
21 51 90
21 52 56
21 53 53
21 54 48
21 55 9
21 56 58
21 57 48
21 58 24
21 59 81
21 60 36
21 61 88
21 62 84
21 63 45
21 64 61
21 65 5
21 66 5
21 67 4
21 68 72
21 69 68
21 70 43
21 71 4
21 72 55
21 73 51
21 74 10
21 75 1
21 76 40
21 77 15
21 78 1073741824
21 79 13
21 80 75
21 81 40
21 82 47
21 83 35
21 84 7
21 85 1073741824
21 86 78
21 87 73
21 88 18
21 89 58
21 90 41
21 91 80
21 92 32
21 93 71
21 94 44
21 95 23
21 96 53
21 97 39
21 98 17
21 99 41
21 100 46
22 1 64
22 2 62
22 3 16
22 4 75
22 5 3
22 6 80
22 7 74
22 8 77
22 9 37
22 10 73
22 11 62
22 12 65
22 13 1073741824
22 14 55
22 15 77
22 16 86
22 17 63
22 18 1073741824
22 19 5
22 20 28
22 21 89
22 22 0
22 23 1073741824
22 24 84
22 25 15
22 26 43
22 27 31
22 28 20
22 29 9
22 30 1073741824
22 31 5
22 32 53
22 33 72
22 34 57
22 35 7
22 36 74
22 37 6
22 38 11
22 39 7
22 40 85
22 41 67
22 42 7
22 43 50
22 44 24
22 45 15
22 46 80
22 47 1073741824
22 48 50
22 49 23
22 50 38
22 51 54
22 52 56
22 53 50
22 54 63
22 55 31
22 56 74
22 57 40
22 58 80
22 59 76
22 60 50
22 61 56
22 62 1073741824
22 63 63
22 64 4
22 65 85
22 66 16
22 67 13
22 68 29
22 69 44
22 70 81
22 71 84
22 72 26
22 73 34
22 74 38
22 75 21
22 76 2
22 77 40
22 78 29
22 79 69
22 80 27
22 81 46
22 82 1073741824
22 83 26
22 84 88
22 85 14
22 86 17
22 87 74
22 88 28
22 89 40
22 90 3
22 91 19
22 92 44
22 93 13
22 94 79
22 95 10
22 96 88
22 97 58
22 98 52
22 99 33
22 100 37
23 1 56
23 2 51
23 3 59
23 4 82
23 5 13
23 6 71
23 7 11
23 8 81
23 9 8
23 10 15
23 11 34
23 12 68
23 13 14
23 14 83
23 15 5
23 16 41
23 17 60
23 18 1073741824
23 19 69
23 20 75
23 21 1073741824
23 22 1073741824
23 23 0
23 24 58
23 25 1
23 26 18
23 27 26
23 28 12
23 29 18
23 30 75
23 31 70
23 32 44
23 33 36
23 34 89
23 35 1073741824
23 36 67
23 37 22
23 38 34
23 39 84
23 40 76
23 41 33
23 42 1073741824
23 43 1073741824
23 44 1073741824
23 45 3
23 46 74
23 47 67
23 48 8
23 49 7
23 50 81
23 51 52
23 52 11
23 53 28
23 54 54
23 55 1073741824
23 56 14
23 57 20
23 58 77
23 59 32
23 60 35
23 61 80
23 62 11
23 63 87
23 64 1073741824
23 65 59
23 66 71
23 67 68
23 68 79
23 69 81
23 70 82
23 71 76
23 72 77
23 73 20
23 74 36
23 75 44
23 76 2
23 77 21
23 78 47
23 79 60
23 80 31
23 81 1073741824
23 82 28
23 83 78
23 84 84
23 85 21
23 86 57
23 87 46
23 88 22
23 89 42
23 90 59
23 91 83
23 92 30
23 93 13
23 94 48
23 95 71
23 96 1073741824
23 97 61
23 98 74
23 99 77
23 100 25
24 1 12
24 2 6
24 3 72
24 4 51
24 5 63
24 6 17
24 7 20
24 8 88
24 9 48
24 10 82
24 11 87
24 12 80
24 13 33
24 14 1073741824
24 15 81
24 16 22
24 17 68
24 18 53
24 19 5
24 20 86
24 21 33
24 22 84
24 23 58
24 24 0
24 25 28
24 26 12
24 27 1073741824
24 28 33
24 29 59
24 30 88
24 31 44
24 32 81
24 33 26
24 34 1073741824
24 35 6
24 36 1073741824
24 37 74
24 38 6
24 39 46
24 40 20
24 41 17
24 42 1073741824
24 43 85
24 44 42
24 45 75
24 46 51
24 47 13
24 48 19
24 49 16
24 50 85
24 51 44
24 52 26
24 53 82
24 54 19
24 55 34
24 56 1073741824
24 57 1073741824
24 58 1073741824
24 59 79
24 60 9
24 61 53
24 62 1073741824
24 63 37
24 64 46
24 65 89
24 66 15
24 67 14
24 68 61
24 69 52
24 70 75
24 71 63
24 72 55
24 73 30
24 74 5
24 75 1073741824
24 76 4
24 77 1073741824
24 78 65
24 79 34
24 80 53
24 81 1073741824
24 82 74
24 83 71
24 84 29
24 85 1073741824
24 86 4
24 87 36
24 88 73
24 89 20
24 90 43
24 91 81
24 92 90
24 93 34
24 94 79
24 95 3
24 96 1073741824
24 97 1
24 98 6
24 99 42
24 100 1073741824
25 1 1073741824
25 2 20
25 3 89
25 4 65
25 5 25
25 6 35
25 7 13
25 8 25
25 9 50
25 10 8
25 11 86
25 12 81
25 13 1073741824
25 14 55
25 15 4
25 16 37
25 17 60
25 18 53
25 19 81
25 20 1073741824
25 21 58
25 22 15
25 23 1
25 24 28
25 25 0
25 26 85
25 27 61
25 28 31
25 29 65
25 30 65
25 31 1073741824
25 32 49
25 33 12
25 34 51
25 35 36
25 36 35
25 37 17
25 38 14
25 39 22
25 40 51
25 41 44
25 42 60
25 43 54
25 44 73
25 45 31
25 46 12
25 47 1073741824
25 48 71
25 49 63
25 50 1073741824
25 51 40
25 52 82
25 53 10
25 54 84
25 55 42
25 56 67
25 57 45
25 58 18
25 59 74
25 60 8
25 61 88
25 62 71
25 63 81
25 64 76
25 65 21
25 66 43
25 67 63
25 68 79
25 69 1073741824
25 70 32
25 71 1073741824
25 72 88
25 73 13
25 74 13
25 75 37
25 76 1
25 77 6
25 78 12
25 79 60
25 80 32
25 81 50
25 82 65
25 83 73
25 84 13
25 85 61
25 86 45
25 87 60
25 88 1073741824
25 89 70
25 90 65
25 91 79
25 92 54
25 93 39
25 94 59
25 95 18
25 96 84
25 97 34
25 98 54
25 99 40
25 100 11
26 1 87
26 2 46
26 3 6
26 4 62
26 5 54
26 6 43
26 7 44
26 8 49
26 9 15
26 10 22
26 11 1073741824
26 12 4
26 13 59
26 14 13
26 15 46
26 16 67
26 17 48
26 18 56
26 19 25
26 20 61
26 21 12
26 22 43
26 23 18
26 24 12
26 25 85
26 26 0
26 27 58
26 28 72
26 29 28
26 30 3
26 31 52
26 32 18
26 33 80
26 34 61
26 35 21
26 36 11
26 37 1073741824
26 38 30
26 39 74
26 40 41
26 41 70
26 42 63
26 43 14
26 44 34
26 45 84
26 46 7
26 47 56
26 48 7
26 49 12
26 50 13
26 51 86
26 52 68
26 53 36
26 54 81
26 55 11
26 56 71
26 57 48
26 58 17
26 59 44
26 60 58
26 61 27
26 62 9
26 63 3
26 64 1073741824
26 65 32
26 66 76
26 67 75
26 68 16
26 69 14
26 70 52
26 71 69
26 72 2
26 73 34
26 74 1073741824
26 75 3
26 76 12
26 77 84
26 78 66
26 79 64
26 80 32
26 81 62
26 82 68
26 83 53
26 84 80
26 85 79
26 86 77
26 87 5
26 88 56
26 89 6
26 90 65
26 91 18
26 92 24
26 93 45
26 94 54
26 95 50
26 96 29
26 97 64
26 98 55
26 99 78
26 100 1073741824
27 1 75
27 2 1073741824
27 3 30
27 4 6
27 5 1
27 6 76
27 7 25
27 8 78
27 9 28
27 10 2
27 11 1
27 12 60
27 13 79
27 14 34
27 15 23
27 16 1073741824
27 17 76
27 18 86
27 19 59
27 20 85
27 21 52
27 22 31
27 23 26
27 24 1073741824
27 25 61
27 26 58
27 27 0
27 28 1073741824
27 29 87
27 30 1073741824
27 31 1073741824
27 32 8
27 33 39
27 34 52
27 35 56
27 36 12
27 37 7
27 38 9
27 39 21
27 40 1073741824
27 41 1073741824
27 42 36
27 43 4
27 44 83
27 45 1073741824
27 46 20
27 47 26
27 48 38
27 49 16
27 50 56
27 51 85
27 52 1073741824
27 53 1073741824
27 54 7
27 55 5
27 56 54
27 57 14
27 58 38
27 59 1073741824
27 60 51
27 61 1073741824
27 62 44
27 63 1073741824
27 64 49
27 65 40
27 66 22
27 67 85
27 68 18
27 69 1073741824
27 70 49
27 71 59
27 72 1073741824
27 73 1073741824
27 74 89
27 75 11
27 76 41
27 77 64
27 78 67
27 79 35
27 80 16
27 81 43
27 82 24
27 83 24
27 84 39
27 85 28
27 86 32
27 87 44
27 88 49
27 89 84
27 90 75
27 91 1073741824
27 92 57
27 93 80
27 94 10
27 95 68
27 96 7
27 97 26
27 98 60
27 99 50
27 100 82
28 1 61
28 2 79
28 3 1073741824
28 4 49
28 5 19
28 6 26
28 7 26
28 8 23
28 9 17
28 10 80
28 11 35
28 12 6
28 13 1073741824
28 14 9
28 15 75
28 16 75
28 17 55
28 18 64
28 19 62
28 20 41
28 21 32
28 22 20
28 23 12
28 24 33
28 25 31
28 26 72
28 27 1073741824
28 28 0
28 29 23
28 30 31
28 31 1073741824
28 32 8
28 33 27
28 34 44
28 35 27
28 36 70
28 37 1073741824
28 38 9
28 39 47
28 40 1073741824
28 41 25
28 42 20
28 43 1073741824
28 44 26
28 45 1073741824
28 46 1073741824
28 47 82
28 48 75
28 49 88
28 50 56
28 51 19
28 52 26
28 53 11
28 54 25
28 55 40
28 56 48
28 57 71
28 58 80
28 59 86
28 60 81
28 61 13
28 62 20
28 63 56
28 64 1073741824
28 65 55
28 66 45
28 67 62
28 68 54
28 69 62
28 70 78
28 71 74
28 72 52
28 73 64
28 74 15
28 75 24
28 76 57
28 77 1073741824
28 78 1073741824
28 79 17
28 80 47
28 81 25
28 82 74
28 83 14
28 84 8
28 85 83
28 86 18
28 87 63
28 88 20
28 89 62
28 90 15
28 91 1073741824
28 92 67
28 93 58
28 94 71
28 95 33
28 96 55
28 97 34
28 98 11
28 99 27
28 100 79
29 1 47
29 2 72
29 3 72
29 4 25
29 5 57
29 6 43
29 7 25
29 8 75
29 9 70
29 10 67
29 11 38
29 12 50
29 13 31
29 14 29
29 15 43
29 16 10
29 17 86
29 18 64
29 19 62
29 20 56
29 21 43
29 22 9
29 23 18
29 24 59
29 25 65
29 26 28
29 27 87
29 28 23
29 29 0
29 30 22
29 31 36
29 32 1073741824
29 33 1073741824
29 34 13
29 35 13
29 36 53
29 37 1073741824
29 38 35
29 39 46
29 40 34
29 41 51
29 42 19
29 43 24
29 44 1073741824
29 45 68
29 46 86
29 47 74
29 48 14
29 49 75
29 50 54
29 51 53
29 52 81
29 53 56
29 54 52
29 55 84
29 56 16
29 57 12
29 58 90
29 59 71
29 60 49
29 61 76
29 62 19
29 63 55
29 64 4
29 65 81
29 66 33
29 67 19
29 68 22
29 69 14
29 70 15
29 71 23
29 72 15
29 73 57
29 74 1073741824
29 75 88
29 76 7
29 77 2
29 78 31
29 79 40
29 80 40
29 81 35
29 82 85
29 83 1073741824
29 84 31
29 85 11
29 86 43
29 87 14
29 88 4
29 89 60
29 90 90
29 91 52
29 92 64
29 93 87
29 94 61
29 95 35
29 96 26
29 97 33
29 98 81
29 99 52
29 100 22
30 1 69
30 2 41
30 3 65
30 4 83
30 5 83
30 6 62
30 7 70
30 8 88
30 9 2
30 10 4
30 11 3
30 12 74
30 13 24
30 14 1073741824
30 15 85
30 16 84
30 17 13
30 18 27
30 19 55
30 20 90
30 21 1073741824
30 22 1073741824
30 23 75
30 24 88
30 25 65
30 26 3
30 27 1073741824
30 28 31
30 29 22
30 30 0
30 31 51
30 32 1073741824
30 33 86
30 34 27
30 35 36
30 36 81
30 37 78
30 38 87
30 39 73
30 40 32
30 41 26
30 42 8
30 43 30
30 44 9
30 45 71
30 46 28
30 47 62
30 48 24
30 49 25
30 50 61
30 51 73
30 52 60
30 53 20
30 54 36
30 55 86
30 56 1
30 57 1073741824
30 58 81
30 59 72
30 60 59
30 61 40
30 62 83
30 63 46
30 64 14
30 65 53
30 66 54
30 67 78
30 68 17
30 69 55
30 70 30
30 71 46
30 72 1073741824
30 73 9
30 74 79
30 75 4
30 76 32
30 77 60
30 78 14
30 79 1
30 80 59
30 81 24
30 82 51
30 83 63
30 84 5
30 85 40
30 86 20
30 87 65
30 88 9
30 89 44
30 90 82
30 91 9
30 92 1073741824
30 93 50
30 94 77
30 95 2
30 96 66
30 97 22
30 98 84
30 99 11
30 100 3
31 1 68
31 2 1073741824
31 3 12
31 4 19
31 5 62
31 6 1073741824
31 7 74
31 8 55
31 9 62
31 10 54
31 11 79
31 12 18
31 13 9
31 14 86
31 15 84
31 16 1073741824
31 17 23
31 18 39
31 19 29
31 20 34
31 21 5
31 22 5
31 23 70
31 24 44
31 25 1073741824
31 26 52
31 27 1073741824
31 28 1073741824
31 29 36
31 30 51
31 31 0
31 32 26
31 33 12
31 34 65
31 35 1073741824
31 36 26
31 37 50
31 38 56
31 39 80
31 40 1
31 41 54
31 42 46
31 43 72
31 44 75
31 45 42
31 46 1073741824
31 47 1073741824
31 48 69
31 49 55
31 50 34
31 51 24
31 52 78
31 53 64
31 54 7
31 55 74
31 56 2
31 57 1073741824
31 58 58
31 59 47
31 60 11
31 61 25
31 62 43
31 63 89
31 64 25
31 65 74
31 66 40
31 67 20
31 68 16
31 69 1073741824
31 70 3
31 71 1073741824
31 72 62
31 73 9
31 74 1073741824
31 75 30
31 76 82
31 77 56
31 78 23
31 79 70
31 80 26
31 81 14
31 82 36
31 83 17
31 84 45
31 85 24
31 86 1073741824
31 87 89
31 88 68
31 89 48
31 90 52
31 91 67
31 92 17
31 93 61
31 94 82
31 95 64
31 96 18
31 97 70
31 98 62
31 99 71
31 100 12
32 1 31
32 2 86
32 3 67
32 4 50
32 5 69
32 6 77
32 7 45
32 8 12
32 9 80
32 10 1073741824
32 11 22
32 12 85
32 13 51
32 14 90
32 15 53
32 16 55
32 17 45
32 18 23
32 19 66
32 20 29
32 21 40
32 22 53
32 23 44
32 24 81
32 25 49
32 26 18
32 27 8
32 28 8
32 29 1073741824
32 30 1073741824
32 31 26
32 32 0
32 33 22
32 34 1
32 35 58
32 36 52
32 37 32
32 38 47
32 39 62
32 40 28
32 41 86
32 42 9
32 43 79
32 44 73
32 45 84
32 46 50
32 47 10
32 48 76
32 49 76
32 50 14
32 51 1073741824
32 52 49
32 53 1073741824
32 54 14
32 55 13
32 56 29
32 57 4
32 58 77
32 59 43
32 60 35
32 61 89
32 62 26
32 63 54
32 64 16
32 65 88
32 66 1073741824
32 67 1073741824
32 68 61
32 69 48
32 70 70
32 71 4
32 72 1
32 73 31
32 74 11
32 75 64
32 76 81
32 77 16
32 78 13
32 79 1
32 80 69
32 81 59
32 82 46
32 83 43
32 84 23
32 85 78
32 86 52
32 87 1073741824
32 88 24
32 89 54
32 90 80
32 91 35
32 92 72
32 93 86
32 94 88
32 95 1073741824
32 96 61
32 97 66
32 98 33
32 99 52
32 100 13
33 1 89
33 2 4
33 3 53
33 4 82
33 5 1
33 6 13
33 7 1073741824
33 8 42
33 9 5
33 10 90
33 11 34
33 12 36
33 13 46
33 14 14
33 15 2
33 16 57
33 17 14
33 18 59
33 19 60
33 20 1073741824
33 21 59
33 22 72
33 23 36
33 24 26
33 25 12
33 26 80
33 27 39
33 28 27
33 29 1073741824
33 30 86
33 31 12
33 32 22
33 33 0
33 34 87
33 35 67
33 36 62
33 37 51
33 38 61
33 39 10
33 40 30
33 41 1
33 42 20
33 43 50
33 44 6
33 45 3
33 46 1073741824
33 47 82
33 48 1073741824
33 49 44
33 50 1073741824
33 51 18
33 52 1073741824
33 53 13
33 54 37
33 55 82
33 56 14
33 57 31
33 58 76
33 59 90
33 60 46
33 61 86
33 62 72
33 63 64
33 64 64
33 65 36
33 66 1073741824
33 67 10
33 68 85
33 69 53
33 70 73
33 71 77
33 72 50
33 73 86
33 74 74
33 75 59
33 76 5
33 77 23
33 78 73
33 79 54
33 80 17
33 81 69
33 82 25
33 83 58
33 84 5
33 85 37
33 86 77
33 87 43
33 88 16
33 89 30
33 90 89
33 91 1073741824
33 92 1073741824
33 93 87
33 94 35
33 95 14
33 96 74
33 97 71
33 98 35
33 99 73
33 100 88
34 1 22
34 2 45
34 3 24
34 4 1073741824
34 5 31
34 6 1073741824
34 7 73
34 8 51
34 9 73
34 10 16
34 11 21
34 12 34
34 13 82
34 14 77
34 15 15
34 16 1073741824
34 17 1073741824
34 18 59
34 19 58
34 20 63
34 21 58
34 22 57
34 23 89
34 24 1073741824
34 25 51
34 26 61
34 27 52
34 28 44
34 29 13
34 30 27
34 31 65
34 32 1
34 33 87
34 34 0
34 35 30
34 36 31
34 37 90
34 38 38
34 39 9
34 40 1073741824
34 41 36
34 42 79
34 43 74
34 44 62
34 45 23
34 46 15
34 47 2
34 48 54
34 49 83
34 50 18
34 51 52
34 52 1073741824
34 53 15
34 54 59
34 55 34
34 56 41
34 57 1073741824
34 58 89
34 59 72
34 60 85
34 61 51
34 62 81
34 63 34
34 64 29
34 65 78
34 66 43
34 67 77
34 68 1073741824
34 69 78
34 70 68
34 71 89
34 72 28
34 73 29
34 74 1073741824
34 75 36
34 76 81
34 77 71
34 78 1073741824
34 79 79
34 80 71
34 81 8
34 82 19
34 83 8
34 84 32
34 85 18
34 86 40
34 87 41
34 88 24
34 89 1073741824
34 90 32
34 91 17
34 92 67
34 93 88
34 94 86
34 95 63
34 96 79
34 97 7
34 98 33
34 99 64
34 100 3
35 1 36
35 2 73
35 3 67
35 4 3
35 5 64
35 6 36
35 7 54
35 8 43
35 9 1073741824
35 10 82
35 11 31
35 12 1073741824
35 13 27
35 14 56
35 15 75
35 16 22
35 17 61
35 18 43
35 19 37
35 20 78
35 21 33
35 22 7
35 23 1073741824
35 24 6
35 25 36
35 26 21
35 27 56
35 28 27
35 29 13
35 30 36
35 31 1073741824
35 32 58
35 33 67
35 34 30
35 35 0
35 36 58
35 37 26
35 38 61
35 39 1073741824
35 40 19
35 41 72
35 42 18
35 43 36
35 44 83
35 45 1073741824
35 46 55
35 47 34
35 48 33
35 49 40
35 50 48
35 51 33
35 52 66
35 53 3
35 54 78
35 55 2
35 56 13
35 57 67
35 58 81
35 59 28
35 60 72
35 61 1073741824
35 62 51
35 63 43
35 64 69
35 65 22
35 66 84
35 67 1073741824
35 68 58
35 69 71
35 70 23
35 71 71
35 72 67
35 73 28
35 74 33
35 75 46
35 76 17
35 77 80
35 78 67
35 79 78
35 80 1073741824
35 81 22
35 82 41
35 83 20
35 84 31
35 85 33
35 86 7
35 87 53
35 88 53
35 89 73
35 90 28
35 91 14
35 92 16
35 93 23
35 94 39
35 95 39
35 96 1073741824
35 97 46
35 98 1073741824
35 99 1073741824
35 100 63
36 1 35
36 2 86
36 3 47
36 4 76
36 5 20
36 6 46
36 7 11
36 8 17
36 9 59
36 10 10
36 11 36
36 12 76
36 13 38
36 14 1073741824
36 15 12
36 16 27
36 17 63
36 18 6
36 19 1073741824
36 20 77
36 21 12
36 22 74
36 23 67
36 24 1073741824
36 25 35
36 26 11
36 27 12
36 28 70
36 29 53
36 30 81
36 31 26
36 32 52
36 33 62
36 34 31
36 35 58
36 36 0
36 37 82
36 38 1
36 39 25
36 40 84
36 41 1073741824
36 42 23
36 43 51
36 44 26
36 45 6
36 46 2
36 47 62
36 48 6
36 49 24
36 50 45
36 51 1073741824
36 52 58
36 53 54
36 54 31
36 55 1
36 56 80
36 57 66
36 58 1073741824
36 59 58
36 60 79
36 61 2
36 62 1073741824
36 63 42
36 64 35
36 65 1073741824
36 66 1073741824
36 67 77
36 68 84
36 69 90
36 70 64
36 71 38
36 72 59
36 73 87
36 74 70
36 75 19
36 76 32
36 77 52
36 78 50
36 79 1073741824
36 80 54
36 81 84
36 82 62
36 83 11
36 84 78
36 85 44
36 86 70
36 87 70
36 88 45
36 89 4
36 90 1073741824
36 91 67
36 92 88
36 93 83
36 94 34
36 95 51
36 96 47
36 97 79
36 98 87
36 99 57
36 100 50
37 1 5
37 2 1073741824
37 3 45
37 4 64
37 5 89
37 6 81
37 7 33
37 8 7
37 9 5
37 10 38
37 11 21
37 12 17
37 13 1073741824
37 14 52
37 15 46
37 16 1073741824
37 17 52
37 18 1073741824
37 19 77
37 20 82
37 21 1073741824
37 22 6
37 23 22
37 24 74
37 25 17
37 26 1073741824
37 27 7
37 28 1073741824
37 29 1073741824
37 30 78
37 31 50
37 32 32
37 33 51
37 34 90
37 35 26
37 36 82
37 37 0
37 38 58
37 39 21
37 40 50
37 41 69
37 42 67
37 43 1073741824
37 44 1073741824
37 45 11
37 46 37
37 47 16
37 48 34
37 49 3
37 50 75
37 51 52
37 52 1073741824
37 53 90
37 54 13
37 55 6
37 56 54
37 57 15
37 58 71
37 59 87
37 60 27
37 61 29
37 62 37
37 63 66
37 64 24
37 65 72
37 66 21
37 67 75
37 68 46
37 69 43
37 70 85
37 71 13
37 72 67
37 73 50
37 74 1073741824
37 75 30
37 76 51
37 77 84
37 78 1073741824
37 79 72
37 80 18
37 81 54
37 82 1073741824
37 83 64
37 84 2
37 85 1073741824
37 86 37
37 87 24
37 88 15
37 89 40
37 90 62
37 91 45
37 92 1073741824
37 93 38
37 94 89
37 95 38
37 96 88
37 97 30
37 98 6
37 99 82
37 100 1073741824
38 1 73
38 2 44
38 3 8
38 4 69
38 5 67
38 6 64
38 7 76
38 8 70
38 9 10
38 10 5
38 11 85
38 12 23
38 13 64
38 14 46
38 15 59
38 16 29
38 17 64
38 18 16
38 19 52
38 20 13
38 21 13
38 22 11
38 23 34
38 24 6
38 25 14
38 26 30
38 27 9
38 28 9
38 29 35
38 30 87
38 31 56
38 32 47
38 33 61
38 34 38
38 35 61
38 36 1
38 37 58
38 38 0
38 39 1073741824
38 40 83
38 41 64
38 42 64
38 43 41
38 44 27
38 45 5
38 46 68
38 47 61
38 48 58
38 49 11
38 50 44
38 51 1073741824
38 52 44
38 53 3
38 54 69
38 55 1073741824
38 56 13
38 57 83
38 58 52
38 59 29
38 60 90
38 61 50
38 62 71
38 63 63
38 64 35
38 65 71
38 66 29
38 67 4
38 68 52
38 69 23
38 70 53
38 71 10
38 72 31
38 73 43
38 74 21
38 75 24
38 76 85
38 77 34
38 78 1073741824
38 79 30
38 80 64
38 81 77
38 82 47
38 83 8
38 84 19
38 85 6
38 86 19
38 87 8
38 88 22
38 89 1073741824
38 90 40
38 91 41
38 92 1073741824
38 93 82
38 94 37
38 95 67
38 96 22
38 97 4
38 98 44
38 99 82
38 100 32
39 1 36
39 2 1073741824
39 3 1073741824
39 4 1073741824
39 5 12
39 6 56
39 7 24
39 8 45
39 9 51
39 10 4
39 11 45
39 12 1073741824
39 13 74
39 14 38
39 15 40
39 16 84
39 17 84
39 18 1073741824
39 19 69
39 20 63
39 21 4
39 22 7
39 23 84
39 24 46
39 25 22
39 26 74
39 27 21
39 28 47
39 29 46
39 30 73
39 31 80
39 32 62
39 33 10
39 34 9
39 35 1073741824
39 36 25
39 37 21
39 38 1073741824
39 39 0
39 40 11
39 41 32
39 42 73
39 43 85
39 44 36
39 45 77
39 46 67
39 47 67
39 48 9
39 49 36
39 50 32
39 51 71
39 52 2
39 53 7
39 54 4
39 55 90
39 56 81
39 57 1073741824
39 58 15
39 59 67
39 60 1073741824
39 61 4
39 62 58
39 63 76
39 64 49
39 65 42
39 66 86
39 67 31
39 68 10
39 69 38
39 70 46
39 71 68
39 72 14
39 73 30
39 74 1
39 75 53
39 76 48
39 77 90
39 78 29
39 79 34
39 80 1073741824
39 81 3
39 82 24
39 83 1073741824
39 84 63
39 85 50
39 86 68
39 87 19
39 88 12
39 89 82
39 90 27
39 91 72
39 92 82
39 93 1073741824
39 94 75
39 95 77
39 96 25
39 97 83
39 98 50
39 99 1073741824
39 100 68
40 1 61
40 2 82
40 3 45
40 4 2
40 5 44
40 6 39
40 7 38
40 8 69
40 9 1073741824
40 10 64
40 11 1073741824
40 12 4
40 13 65
40 14 43
40 15 1073741824
40 16 6
40 17 74
40 18 13
40 19 28
40 20 20
40 21 89
40 22 85
40 23 76
40 24 20
40 25 51
40 26 41
40 27 1073741824
40 28 1073741824
40 29 34
40 30 32
40 31 1
40 32 28
40 33 30
40 34 1073741824
40 35 19
40 36 84
40 37 50
40 38 83
40 39 11
40 40 0
40 41 64
40 42 1073741824
40 43 28
40 44 83
40 45 56
40 46 6
40 47 49
40 48 58
40 49 30
40 50 35
40 51 35
40 52 47
40 53 1073741824
40 54 1073741824
40 55 73
40 56 14
40 57 78
40 58 66
40 59 56
40 60 6
40 61 54
40 62 32
40 63 82
40 64 42
40 65 13
40 66 18
40 67 30
40 68 31
40 69 79
40 70 40
40 71 5
40 72 13
40 73 87
40 74 1073741824
40 75 16
40 76 49
40 77 1073741824
40 78 3
40 79 80
40 80 55
40 81 76
40 82 47
40 83 65
40 84 19
40 85 85
40 86 43
40 87 1073741824
40 88 72
40 89 53
40 90 21
40 91 18
40 92 1073741824
40 93 8
40 94 24
40 95 72
40 96 71
40 97 60
40 98 85
40 99 25
40 100 90
41 1 16
41 2 86
41 3 27
41 4 1073741824
41 5 30
41 6 83
41 7 1073741824
41 8 71
41 9 63
41 10 59
41 11 16
41 12 83
41 13 67
41 14 23
41 15 50
41 16 53
41 17 12
41 18 1073741824
41 19 1
41 20 80
41 21 1073741824
41 22 67
41 23 33
41 24 17
41 25 44
41 26 70
41 27 1073741824
41 28 25
41 29 51
41 30 26
41 31 54
41 32 86
41 33 1
41 34 36
41 35 72
41 36 1073741824
41 37 69
41 38 64
41 39 32
41 40 64
41 41 0
41 42 42
41 43 78
41 44 77
41 45 26
41 46 3
41 47 49
41 48 87
41 49 30
41 50 4
41 51 18
41 52 18
41 53 71
41 54 67
41 55 64
41 56 50
41 57 5
41 58 43
41 59 39
41 60 66
41 61 75
41 62 9
41 63 23
41 64 71
41 65 1073741824
41 66 13
41 67 25
41 68 40
41 69 4
41 70 58
41 71 44
41 72 34
41 73 10
41 74 55
41 75 81
41 76 19
41 77 17
41 78 9
41 79 64
41 80 56
41 81 1073741824
41 82 26
41 83 44
41 84 19
41 85 48
41 86 25
41 87 2
41 88 72
41 89 76
41 90 90
41 91 65
41 92 14
41 93 68
41 94 71
41 95 36
41 96 86
41 97 1073741824
41 98 18
41 99 5
41 100 1073741824
42 1 37
42 2 19
42 3 50
42 4 81
42 5 42
42 6 10
42 7 54
42 8 20
42 9 3
42 10 29
42 11 74
42 12 75
42 13 29
42 14 43
42 15 44
42 16 61
42 17 11
42 18 51
42 19 85
42 20 61
42 21 50
42 22 7
42 23 1073741824
42 24 1073741824
42 25 60
42 26 63
42 27 36
42 28 20
42 29 19
42 30 8
42 31 46
42 32 9
42 33 20
42 34 79
42 35 18
42 36 23
42 37 67
42 38 64
42 39 73
42 40 1073741824
42 41 42
42 42 0
42 43 82
42 44 17
42 45 15
42 46 16
42 47 61
42 48 47
42 49 8
42 50 35
42 51 35
42 52 57
42 53 1073741824
42 54 6
42 55 64
42 56 90
42 57 10
42 58 78
42 59 73
42 60 53
42 61 7
42 62 33
42 63 32
42 64 41
42 65 67
42 66 80
42 67 5
42 68 68
42 69 1073741824
42 70 31
42 71 17
42 72 1073741824
42 73 1073741824
42 74 89
42 75 11
42 76 5
42 77 39
42 78 49
42 79 1
42 80 9
42 81 1073741824
42 82 57
42 83 1073741824
42 84 9
42 85 55
42 86 81
42 87 42
42 88 1073741824
42 89 1
42 90 41
42 91 30
42 92 40
42 93 47
42 94 70
42 95 23
42 96 1073741824
42 97 11
42 98 12
42 99 25
42 100 4
43 1 72
43 2 86
43 3 40
43 4 68
43 5 24
43 6 47
43 7 7
43 8 76
43 9 2
43 10 30
43 11 64
43 12 1073741824
43 13 54
43 14 55
43 15 13
43 16 1073741824
43 17 16
43 18 5
43 19 81
43 20 75
43 21 72
43 22 50
43 23 1073741824
43 24 85
43 25 54
43 26 14
43 27 4
43 28 1073741824
43 29 24
43 30 30
43 31 72
43 32 79
43 33 50
43 34 74
43 35 36
43 36 51
43 37 1073741824
43 38 41
43 39 85
43 40 28
43 41 78
43 42 82
43 43 0
43 44 49
43 45 30
43 46 20
43 47 45
43 48 65
43 49 16
43 50 9
43 51 36
43 52 1073741824
43 53 22
43 54 86
43 55 44
43 56 45
43 57 74
43 58 60
43 59 41
43 60 39
43 61 57
43 62 33
43 63 87
43 64 84
43 65 57
43 66 9
43 67 46
43 68 22
43 69 81
43 70 21
43 71 65
43 72 1073741824
43 73 61
43 74 67
43 75 21
43 76 28
43 77 32
43 78 33
43 79 37
43 80 14
43 81 62
43 82 63
43 83 63
43 84 49
43 85 45
43 86 51
43 87 44
43 88 54
43 89 15
43 90 54
43 91 63
43 92 50
43 93 1073741824
43 94 25
43 95 5
43 96 41
43 97 55
43 98 3
43 99 31
43 100 86
44 1 43
44 2 15
44 3 82
44 4 16
44 5 1073741824
44 6 20
44 7 78
44 8 1073741824
44 9 25
44 10 86
44 11 34
44 12 75
44 13 11
44 14 63
44 15 73
44 16 1073741824
44 17 64
44 18 1073741824
44 19 60
44 20 58
44 21 51
44 22 24
44 23 1073741824
44 24 42
44 25 73
44 26 34
44 27 83
44 28 26
44 29 1073741824
44 30 9
44 31 75
44 32 73
44 33 6
44 34 62
44 35 83
44 36 26
44 37 1073741824
44 38 27
44 39 36
44 40 83
44 41 77
44 42 17
44 43 49
44 44 0
44 45 13
44 46 5
44 47 1073741824
44 48 80
44 49 1073741824
44 50 3
44 51 1073741824
44 52 65
44 53 88
44 54 63
44 55 18
44 56 83
44 57 76
44 58 47
44 59 66
44 60 25
44 61 11
44 62 40
44 63 68
44 64 11
44 65 22
44 66 29
44 67 51
44 68 75
44 69 11
44 70 57
44 71 6
44 72 75
44 73 47
44 74 61
44 75 88
44 76 34
44 77 1073741824
44 78 73
44 79 68
44 80 24
44 81 44
44 82 13
44 83 37
44 84 33
44 85 45
44 86 35
44 87 63
44 88 7
44 89 65
44 90 73
44 91 46
44 92 33
44 93 51
44 94 8
44 95 58
44 96 47
44 97 43
44 98 1073741824
44 99 13
44 100 85
45 1 42
45 2 30
45 3 42
45 4 29
45 5 89
45 6 73
45 7 66
45 8 47
45 9 39
45 10 86
45 11 54
45 12 16
45 13 78
45 14 19
45 15 39
45 16 77
45 17 42
45 18 5
45 19 23
45 20 54
45 21 1
45 22 15
45 23 3
45 24 75
45 25 31
45 26 84
45 27 1073741824
45 28 1073741824
45 29 68
45 30 71
45 31 42
45 32 84
45 33 3
45 34 23
45 35 1073741824
45 36 6
45 37 11
45 38 5
45 39 77
45 40 56
45 41 26
45 42 15
45 43 30
45 44 13
45 45 0
45 46 1073741824
45 47 65
45 48 58
45 49 68
45 50 2
45 51 27
45 52 41
45 53 1073741824
45 54 90
45 55 31
45 56 32
45 57 83
45 58 12
45 59 51
45 60 18
45 61 1073741824
45 62 14
45 63 15
45 64 47
45 65 66
45 66 4
45 67 43
45 68 52
45 69 21
45 70 2
45 71 45
45 72 3
45 73 82
45 74 45
45 75 79
45 76 87
45 77 1073741824
45 78 30
45 79 1073741824
45 80 1073741824
45 81 29
45 82 1073741824
45 83 23
45 84 79
45 85 1073741824
45 86 26
45 87 17
45 88 11
45 89 62
45 90 25
45 91 72
45 92 29
45 93 44
45 94 39
45 95 1073741824
45 96 43
45 97 69
45 98 27
45 99 1073741824
45 100 15
46 1 34
46 2 37
46 3 87
46 4 75
46 5 2
46 6 83
46 7 66
46 8 41
46 9 31
46 10 38
46 11 1073741824
46 12 21
46 13 2
46 14 28
46 15 44
46 16 7
46 17 81
46 18 55
46 19 73
46 20 24
46 21 67
46 22 80
46 23 74
46 24 51
46 25 12
46 26 7
46 27 20
46 28 1073741824
46 29 86
46 30 28
46 31 1073741824
46 32 50
46 33 1073741824
46 34 15
46 35 55
46 36 2
46 37 37
46 38 68
46 39 67
46 40 6
46 41 3
46 42 16
46 43 20
46 44 5
46 45 1073741824
46 46 0
46 47 81
46 48 25
46 49 1073741824
46 50 16
46 51 54
46 52 51
46 53 77
46 54 75
46 55 85
46 56 56
46 57 23
46 58 5
46 59 12
46 60 28
46 61 1073741824
46 62 63
46 63 62
46 64 5
46 65 18
46 66 47
46 67 24
46 68 77
46 69 74
46 70 6
46 71 1073741824
46 72 29
46 73 13
46 74 44
46 75 1073741824
46 76 4
46 77 29
46 78 69
46 79 1073741824
46 80 32
46 81 81
46 82 2
46 83 33
46 84 22
46 85 27
46 86 5
46 87 43
46 88 1073741824
46 89 82
46 90 50
46 91 53
46 92 52
46 93 16
46 94 2
46 95 79
46 96 6
46 97 3
46 98 62
46 99 1073741824
46 100 71
47 1 81
47 2 51
47 3 19
47 4 1073741824
47 5 1073741824
47 6 1073741824
47 7 14
47 8 60
47 9 39
47 10 1073741824
47 11 1073741824
47 12 56
47 13 82
47 14 85
47 15 28
47 16 40
47 17 2
47 18 7
47 19 85
47 20 1073741824
47 21 52
47 22 1073741824
47 23 67
47 24 13
47 25 1073741824
47 26 56
47 27 26
47 28 82
47 29 74
47 30 62
47 31 1073741824
47 32 10
47 33 82
47 34 2
47 35 34
47 36 62
47 37 16
47 38 61
47 39 67
47 40 49
47 41 49
47 42 61
47 43 45
47 44 1073741824
47 45 65
47 46 81
47 47 0
47 48 32
47 49 80
47 50 66
47 51 53
47 52 5
47 53 69
47 54 50
47 55 89
47 56 12
47 57 71
47 58 2
47 59 38
47 60 79
47 61 12
47 62 82
47 63 49
47 64 75
47 65 53
47 66 58
47 67 27
47 68 84
47 69 42
47 70 1073741824
47 71 59
47 72 1073741824
47 73 89
47 74 47
47 75 38
47 76 80
47 77 84
47 78 1
47 79 80
47 80 1073741824
47 81 71
47 82 80
47 83 69
47 84 43
47 85 77
47 86 61
47 87 40
47 88 36
47 89 56
47 90 86
47 91 44
47 92 36
47 93 1073741824
47 94 27
47 95 53
47 96 1073741824
47 97 17
47 98 75
47 99 90
47 100 33
48 1 80
48 2 78
48 3 84
48 4 14
48 5 15
48 6 1073741824
48 7 40
48 8 40
48 9 3
48 10 90
48 11 62
48 12 24
48 13 58
48 14 9
48 15 29
48 16 65
48 17 66
48 18 71
48 19 67
48 20 44
48 21 24
48 22 50
48 23 8
48 24 19
48 25 71
48 26 7
48 27 38
48 28 75
48 29 14
48 30 24
48 31 69
48 32 76
48 33 1073741824
48 34 54
48 35 33
48 36 6
48 37 34
48 38 58
48 39 9
48 40 58
48 41 87
48 42 47
48 43 65
48 44 80
48 45 58
48 46 25
48 47 32
48 48 0
48 49 7
48 50 15
48 51 38
48 52 78
48 53 1073741824
48 54 60
48 55 73
48 56 25
48 57 4
48 58 59
48 59 25
48 60 29
48 61 76
48 62 21
48 63 40
48 64 60
48 65 65
48 66 52
48 67 1073741824
48 68 1073741824
48 69 8
48 70 57
48 71 83
48 72 21
48 73 26
48 74 4
48 75 22
48 76 73
48 77 11
48 78 22
48 79 42
48 80 13
48 81 68
48 82 2
48 83 88
48 84 59
48 85 82
48 86 35
48 87 45
48 88 32
48 89 5
48 90 64
48 91 2
48 92 27
48 93 57
48 94 65
48 95 7
48 96 36
48 97 46
48 98 31
48 99 1073741824
48 100 3
49 1 59
49 2 1073741824
49 3 9
49 4 64
49 5 1
49 6 81
49 7 60
49 8 14
49 9 28
49 10 81
49 11 67
49 12 60
49 13 1073741824
49 14 1073741824
49 15 6
49 16 24
49 17 52
49 18 85
49 19 24
49 20 22
49 21 82
49 22 23
49 23 7
49 24 16
49 25 63
49 26 12
49 27 16
49 28 88
49 29 75
49 30 25
49 31 55
49 32 76
49 33 44
49 34 83
49 35 40
49 36 24
49 37 3
49 38 11
49 39 36
49 40 30
49 41 30
49 42 8
49 43 16
49 44 1073741824
49 45 68
49 46 1073741824
49 47 80
49 48 7
49 49 0
49 50 25
49 51 1073741824
49 52 20
49 53 46
49 54 52
49 55 35
49 56 71
49 57 28
49 58 53
49 59 18
49 60 9
49 61 51
49 62 44
49 63 47
49 64 67
49 65 14
49 66 86
49 67 17
49 68 1073741824
49 69 80
49 70 15
49 71 64
49 72 61
49 73 51
49 74 34
49 75 18
49 76 78
49 77 16
49 78 77
49 79 40
49 80 35
49 81 24
49 82 30
49 83 5
49 84 90
49 85 45
49 86 12
49 87 85
49 88 62
49 89 80
49 90 7
49 91 3
49 92 86
49 93 87
49 94 37
49 95 1073741824
49 96 21
49 97 21
49 98 20
49 99 32
49 100 23
50 1 56
50 2 14
50 3 31
50 4 38
50 5 44
50 6 39
50 7 29
50 8 2
50 9 62
50 10 1073741824
50 11 13
50 12 88
50 13 84
50 14 1073741824
50 15 31
50 16 1073741824
50 17 53
50 18 85
50 19 31
50 20 36
50 21 51
50 22 38
50 23 81
50 24 85
50 25 1073741824
50 26 13
50 27 56
50 28 56
50 29 54
50 30 61
50 31 34
50 32 14
50 33 1073741824
50 34 18
50 35 48
50 36 45
50 37 75
50 38 44
50 39 32
50 40 35
50 41 4
50 42 35
50 43 9
50 44 3
50 45 2
50 46 16
50 47 66
50 48 15
50 49 25
50 50 0
50 51 82
50 52 75
50 53 75
50 54 65
50 55 25
50 56 69
50 57 24
50 58 53
50 59 39
50 60 46
50 61 47
50 62 67
50 63 1073741824
50 64 50
50 65 71
50 66 34
50 67 82
50 68 42
50 69 14
50 70 29
50 71 75
50 72 24
50 73 40
50 74 10
50 75 1073741824
50 76 36
50 77 84
50 78 15
50 79 58
50 80 59
50 81 3
50 82 1073741824
50 83 34
50 84 22
50 85 78
50 86 35
50 87 56
50 88 56
50 89 39
50 90 26
50 91 63
50 92 1073741824
50 93 58
50 94 13
50 95 1073741824
50 96 31
50 97 74
50 98 43
50 99 23
50 100 18
51 1 10
51 2 31
51 3 37
51 4 60
51 5 88
51 6 1073741824
51 7 26
51 8 18
51 9 37
51 10 61
51 11 5
51 12 65
51 13 3
51 14 50
51 15 43
51 16 51
51 17 1073741824
51 18 77
51 19 12
51 20 72
51 21 90
51 22 54
51 23 52
51 24 44
51 25 40
51 26 86
51 27 85
51 28 19
51 29 53
51 30 73
51 31 24
51 32 1073741824
51 33 18
51 34 52
51 35 33
51 36 1073741824
51 37 52
51 38 1073741824
51 39 71
51 40 35
51 41 18
51 42 35
51 43 36
51 44 1073741824
51 45 27
51 46 54
51 47 53
51 48 38
51 49 1073741824
51 50 82
51 51 0
51 52 1073741824
51 53 33
51 54 89
51 55 46
51 56 26
51 57 80
51 58 8
51 59 75
51 60 23
51 61 47
51 62 27
51 63 67
51 64 1073741824
51 65 9
51 66 88
51 67 68
51 68 58
51 69 57
51 70 72
51 71 87
51 72 40
51 73 19
51 74 6
51 75 53
51 76 64
51 77 40
51 78 51
51 79 78
51 80 15
51 81 75
51 82 86
51 83 8
51 84 1073741824
51 85 87
51 86 68
51 87 47
51 88 1073741824
51 89 68
51 90 32
51 91 21
51 92 1073741824
51 93 1073741824
51 94 40
51 95 41
51 96 8
51 97 40
51 98 24
51 99 83
51 100 38
52 1 78
52 2 73
52 3 58
52 4 75
52 5 9
52 6 25
52 7 39
52 8 4
52 9 41
52 10 46
52 11 29
52 12 61
52 13 39
52 14 1073741824
52 15 90
52 16 63
52 17 55
52 18 38
52 19 75
52 20 42
52 21 56
52 22 56
52 23 11
52 24 26
52 25 82
52 26 68
52 27 1073741824
52 28 26
52 29 81
52 30 60
52 31 78
52 32 49
52 33 1073741824
52 34 1073741824
52 35 66
52 36 58
52 37 1073741824
52 38 44
52 39 2
52 40 47
52 41 18
52 42 57
52 43 1073741824
52 44 65
52 45 41
52 46 51
52 47 5
52 48 78
52 49 20
52 50 75
52 51 1073741824
52 52 0
52 53 6
52 54 49
52 55 6
52 56 28
52 57 36
52 58 73
52 59 1073741824
52 60 68
52 61 81
52 62 58
52 63 60
52 64 53
52 65 40
52 66 49
52 67 62
52 68 48
52 69 63
52 70 10
52 71 75
52 72 74
52 73 16
52 74 42
52 75 2
52 76 25
52 77 75
52 78 18
52 79 79
52 80 45
52 81 62
52 82 44
52 83 90
52 84 30
52 85 79
52 86 62
52 87 62
52 88 58
52 89 14
52 90 1073741824
52 91 74
52 92 81
52 93 42
52 94 84
52 95 1073741824
52 96 1073741824
52 97 1073741824
52 98 22
52 99 83
52 100 3
53 1 76
53 2 85
53 3 1073741824
53 4 44
53 5 41
53 6 89
53 7 18
53 8 60
53 9 6
53 10 68
53 11 1073741824
53 12 9
53 13 64
53 14 1073741824
53 15 40
53 16 32
53 17 20
53 18 50
53 19 36
53 20 1073741824
53 21 53
53 22 50
53 23 28
53 24 82
53 25 10
53 26 36
53 27 1073741824
53 28 11
53 29 56
53 30 20
53 31 64
53 32 1073741824
53 33 13
53 34 15
53 35 3
53 36 54
53 37 90
53 38 3
53 39 7
53 40 1073741824
53 41 71
53 42 1073741824
53 43 22
53 44 88
53 45 1073741824
53 46 77
53 47 69
53 48 1073741824
53 49 46
53 50 75
53 51 33
53 52 6
53 53 0
53 54 4
53 55 50
53 56 46
53 57 87
53 58 89
53 59 31
53 60 15
53 61 5
53 62 11
53 63 84
53 64 56
53 65 50
53 66 5
53 67 88
53 68 57
53 69 1073741824
53 70 31
53 71 8
53 72 3
53 73 61
53 74 1073741824
53 75 70
53 76 1
53 77 1073741824
53 78 12
53 79 1073741824
53 80 34
53 81 34
53 82 23
53 83 78
53 84 87
53 85 49
53 86 13
53 87 56
53 88 39
53 89 31
53 90 7
53 91 74
53 92 30
53 93 1073741824
53 94 86
53 95 80
53 96 1073741824
53 97 50
53 98 86
53 99 1073741824
53 100 4
54 1 80
54 2 23
54 3 17
54 4 27
54 5 83
54 6 73
54 7 10
54 8 78
54 9 65
54 10 71
54 11 8
54 12 11
54 13 15
54 14 2
54 15 79
54 16 26
54 17 4
54 18 47
54 19 38
54 20 23
54 21 48
54 22 63
54 23 54
54 24 19
54 25 84
54 26 81
54 27 7
54 28 25
54 29 52
54 30 36
54 31 7
54 32 14
54 33 37
54 34 59
54 35 78
54 36 31
54 37 13
54 38 69
54 39 4
54 40 1073741824
54 41 67
54 42 6
54 43 86
54 44 63
54 45 90
54 46 75
54 47 50
54 48 60
54 49 52
54 50 65
54 51 89
54 52 49
54 53 4
54 54 0
54 55 87
54 56 50
54 57 14
54 58 44
54 59 72
54 60 20
54 61 89
54 62 15
54 63 90
54 64 35
54 65 47
54 66 14
54 67 59
54 68 39
54 69 81
54 70 32
54 71 84
54 72 89
54 73 1073741824
54 74 41
54 75 55
54 76 26
54 77 11
54 78 43
54 79 20
54 80 89
54 81 24
54 82 4
54 83 10
54 84 5
54 85 43
54 86 23
54 87 1073741824
54 88 59
54 89 7
54 90 85
54 91 70
54 92 62
54 93 28
54 94 31
54 95 31
54 96 16
54 97 10
54 98 21
54 99 1073741824
54 100 50
55 1 1073741824
55 2 22
55 3 1073741824
55 4 49
55 5 82
55 6 1073741824
55 7 1073741824
55 8 90
55 9 59
55 10 1073741824
55 11 45
55 12 44
55 13 82
55 14 83
55 15 84
55 16 70
55 17 42
55 18 1073741824
55 19 9
55 20 85
55 21 9
55 22 31
55 23 1073741824
55 24 34
55 25 42
55 26 11
55 27 5
55 28 40
55 29 84
55 30 86
55 31 74
55 32 13
55 33 82
55 34 34
55 35 2
55 36 1
55 37 6
55 38 1073741824
55 39 90
55 40 73
55 41 64
55 42 64
55 43 44
55 44 18
55 45 31
55 46 85
55 47 89
55 48 73
55 49 35
55 50 25
55 51 46
55 52 6
55 53 50
55 54 87
55 55 0
55 56 26
55 57 9
55 58 7
55 59 39
55 60 22
55 61 13
55 62 73
55 63 1073741824
55 64 48
55 65 7
55 66 1073741824
55 67 45
55 68 81
55 69 60
55 70 49
55 71 25
55 72 12
55 73 4
55 74 71
55 75 62
55 76 6
55 77 82
55 78 2
55 79 57
55 80 24
55 81 49
55 82 1073741824
55 83 69
55 84 72
55 85 1073741824
55 86 25
55 87 10
55 88 17
55 89 1073741824
55 90 72
55 91 43
55 92 68
55 93 86
55 94 38
55 95 53
55 96 1073741824
55 97 13
55 98 55
55 99 80
55 100 84
56 1 39
56 2 34
56 3 87
56 4 1
56 5 73
56 6 70
56 7 54
56 8 33
56 9 39
56 10 56
56 11 1073741824
56 12 79
56 13 76
56 14 51
56 15 72
56 16 55
56 17 51
56 18 19
56 19 3
56 20 27
56 21 58
56 22 74
56 23 14
56 24 1073741824
56 25 67
56 26 71
56 27 54
56 28 48
56 29 16
56 30 1
56 31 2
56 32 29
56 33 14
56 34 41
56 35 13
56 36 80
56 37 54
56 38 13
56 39 81
56 40 14
56 41 50
56 42 90
56 43 45
56 44 83
56 45 32
56 46 56
56 47 12
56 48 25
56 49 71
56 50 69
56 51 26
56 52 28
56 53 46
56 54 50
56 55 26
56 56 0
56 57 68
56 58 64
56 59 28
56 60 19
56 61 20
56 62 74
56 63 51
56 64 10
56 65 3
56 66 48
56 67 6
56 68 61
56 69 54
56 70 54
56 71 70
56 72 90
56 73 50
56 74 18
56 75 82
56 76 1073741824
56 77 1073741824
56 78 68
56 79 81
56 80 8
56 81 40
56 82 89
56 83 44
56 84 64
56 85 38
56 86 80
56 87 7
56 88 75
56 89 71
56 90 1073741824
56 91 51
56 92 85
56 93 45
56 94 57
56 95 74
56 96 63
56 97 44
56 98 25
56 99 59
56 100 69
57 1 61
57 2 14
57 3 49
57 4 17
57 5 68
57 6 36
57 7 68
57 8 42
57 9 53
57 10 73
57 11 55
57 12 2
57 13 39
57 14 34
57 15 63
57 16 57
57 17 86
57 18 31
57 19 60
57 20 46
57 21 48
57 22 40
57 23 20
57 24 1073741824
57 25 45
57 26 48
57 27 14
57 28 71
57 29 12
57 30 1073741824
57 31 1073741824
57 32 4
57 33 31
57 34 1073741824
57 35 67
57 36 66
57 37 15
57 38 83
57 39 1073741824
57 40 78
57 41 5
57 42 10
57 43 74
57 44 76
57 45 83
57 46 23
57 47 71
57 48 4
57 49 28
57 50 24
57 51 80
57 52 36
57 53 87
57 54 14
57 55 9
57 56 68
57 57 0
57 58 8
57 59 61
57 60 24
57 61 34
57 62 35
57 63 33
57 64 25
57 65 1073741824
57 66 87
57 67 83
57 68 6
57 69 10
57 70 64
57 71 49
57 72 63
57 73 13
57 74 76
57 75 1073741824
57 76 29
57 77 60
57 78 39
57 79 35
57 80 82
57 81 39
57 82 56
57 83 25
57 84 86
57 85 69
57 86 32
57 87 1073741824
57 88 70
57 89 56
57 90 44
57 91 51
57 92 72
57 93 48
57 94 54
57 95 9
57 96 77
57 97 27
57 98 45
57 99 10
57 100 31
58 1 45
58 2 58
58 3 64
58 4 15
58 5 73
58 6 57
58 7 27
58 8 7
58 9 79
58 10 52
58 11 61
58 12 39
58 13 80
58 14 37
58 15 58
58 16 7
58 17 87
58 18 31
58 19 10
58 20 20
58 21 24
58 22 80
58 23 77
58 24 1073741824
58 25 18
58 26 17
58 27 38
58 28 80
58 29 90
58 30 81
58 31 58
58 32 77
58 33 76
58 34 89
58 35 81
58 36 1073741824
58 37 71
58 38 52
58 39 15
58 40 66
58 41 43
58 42 78
58 43 60
58 44 47
58 45 12
58 46 5
58 47 2
58 48 59
58 49 53
58 50 53
58 51 8
58 52 73
58 53 89
58 54 44
58 55 7
58 56 64
58 57 8
58 58 0
58 59 50
58 60 66
58 61 14
58 62 1073741824
58 63 44
58 64 85
58 65 35
58 66 68
58 67 1073741824
58 68 25
58 69 44
58 70 56
58 71 59
58 72 60
58 73 1073741824
58 74 9
58 75 36
58 76 1073741824
58 77 57
58 78 27
58 79 55
58 80 89
58 81 36
58 82 52
58 83 49
58 84 83
58 85 31
58 86 5
58 87 68
58 88 77
58 89 32
58 90 18
58 91 1
58 92 1073741824
58 93 7
58 94 2
58 95 11
58 96 46
58 97 1073741824
58 98 42
58 99 1
58 100 49
59 1 1073741824
59 2 73
59 3 22
59 4 34
59 5 46
59 6 14
59 7 52
59 8 14
59 9 66
59 10 1073741824
59 11 17
59 12 66
59 13 81
59 14 55
59 15 37
59 16 2
59 17 68
59 18 51
59 19 2
59 20 12
59 21 81
59 22 76
59 23 32
59 24 79
59 25 74
59 26 44
59 27 1073741824
59 28 86
59 29 71
59 30 72
59 31 47
59 32 43
59 33 90
59 34 72
59 35 28
59 36 58
59 37 87
59 38 29
59 39 67
59 40 56
59 41 39
59 42 73
59 43 41
59 44 66
59 45 51
59 46 12
59 47 38
59 48 25
59 49 18
59 50 39
59 51 75
59 52 1073741824
59 53 31
59 54 72
59 55 39
59 56 28
59 57 61
59 58 50
59 59 0
59 60 22
59 61 65
59 62 44
59 63 56
59 64 64
59 65 15
59 66 33
59 67 57
59 68 42
59 69 47
59 70 49
59 71 81
59 72 1073741824
59 73 78
59 74 88
59 75 68
59 76 40
59 77 16
59 78 32
59 79 67
59 80 79
59 81 3
59 82 82
59 83 54
59 84 2
59 85 53
59 86 1073741824
59 87 51
59 88 30
59 89 9
59 90 85
59 91 39
59 92 47
59 93 69
59 94 83
59 95 86
59 96 74
59 97 53
59 98 51
59 99 68
59 100 33
60 1 47
60 2 32
60 3 19
60 4 90
60 5 86
60 6 15
60 7 65
60 8 90
60 9 68
60 10 78
60 11 38
60 12 85
60 13 22
60 14 48
60 15 44
60 16 65
60 17 63
60 18 65
60 19 34
60 20 13
60 21 36
60 22 50
60 23 35
60 24 9
60 25 8
60 26 58
60 27 51
60 28 81
60 29 49
60 30 59
60 31 11
60 32 35
60 33 46
60 34 85
60 35 72
60 36 79
60 37 27
60 38 90
60 39 1073741824
60 40 6
60 41 66
60 42 53
60 43 39
60 44 25
60 45 18
60 46 28
60 47 79
60 48 29
60 49 9
60 50 46
60 51 23
60 52 68
60 53 15
60 54 20
60 55 22
60 56 19
60 57 24
60 58 66
60 59 22
60 60 0
60 61 22
60 62 83
60 63 1073741824
60 64 48
60 65 21
60 66 28
60 67 22
60 68 45
60 69 26
60 70 15
60 71 1073741824
60 72 4
60 73 14
60 74 29
60 75 61
60 76 57
60 77 55
60 78 3
60 79 18
60 80 90
60 81 38
60 82 84
60 83 34
60 84 22
60 85 70
60 86 50
60 87 1
60 88 13
60 89 20
60 90 1073741824
60 91 81
60 92 20
60 93 69
60 94 52
60 95 18
60 96 32
60 97 1073741824
60 98 55
60 99 25
60 100 1073741824
61 1 29
61 2 39
61 3 37
61 4 42
61 5 9
61 6 1073741824
61 7 89
61 8 17
61 9 53
61 10 52
61 11 89
61 12 17
61 13 46
61 14 26
61 15 1073741824
61 16 77
61 17 62
61 18 20
61 19 65
61 20 61
61 21 88
61 22 56
61 23 80
61 24 53
61 25 88
61 26 27
61 27 1073741824
61 28 13
61 29 76
61 30 40
61 31 25
61 32 89
61 33 86
61 34 51
61 35 1073741824
61 36 2
61 37 29
61 38 50
61 39 4
61 40 54
61 41 75
61 42 7
61 43 57
61 44 11
61 45 1073741824
61 46 1073741824
61 47 12
61 48 76
61 49 51
61 50 47
61 51 47
61 52 81
61 53 5
61 54 89
61 55 13
61 56 20
61 57 34
61 58 14
61 59 65
61 60 22
61 61 0
61 62 24
61 63 1073741824
61 64 19
61 65 7
61 66 4
61 67 24
61 68 26
61 69 76
61 70 33
61 71 67
61 72 41
61 73 79
61 74 18
61 75 23
61 76 76
61 77 56
61 78 36
61 79 21
61 80 59
61 81 26
61 82 9
61 83 49
61 84 73
61 85 43
61 86 27
61 87 78
61 88 10
61 89 28
61 90 60
61 91 55
61 92 26
61 93 47
61 94 18
61 95 15
61 96 20
61 97 76
61 98 15
61 99 29
61 100 51
62 1 61
62 2 78
62 3 45
62 4 77
62 5 48
62 6 28
62 7 85
62 8 1073741824
62 9 14
62 10 66
62 11 21
62 12 58
62 13 6
62 14 24
62 15 1073741824
62 16 65
62 17 8
62 18 30
62 19 54
62 20 9
62 21 84
62 22 1073741824
62 23 11
62 24 1073741824
62 25 71
62 26 9
62 27 44
62 28 20
62 29 19
62 30 83
62 31 43
62 32 26
62 33 72
62 34 81
62 35 51
62 36 1073741824
62 37 37
62 38 71
62 39 58
62 40 32
62 41 9
62 42 33
62 43 33
62 44 40
62 45 14
62 46 63
62 47 82
62 48 21
62 49 44
62 50 67
62 51 27
62 52 58
62 53 11
62 54 15
62 55 73
62 56 74
62 57 35
62 58 1073741824
62 59 44
62 60 83
62 61 24
62 62 0
62 63 49
62 64 9
62 65 82
62 66 87
62 67 53
62 68 1073741824
62 69 1073741824
62 70 40
62 71 89
62 72 63
62 73 36
62 74 27
62 75 16
62 76 42
62 77 23
62 78 48
62 79 31
62 80 77
62 81 44
62 82 1073741824
62 83 20
62 84 1073741824
62 85 65
62 86 35
62 87 15
62 88 63
62 89 3
62 90 54
62 91 7
62 92 27
62 93 76
62 94 76
62 95 73
62 96 76
62 97 59
62 98 55
62 99 66
62 100 1073741824
63 1 3
63 2 32
63 3 70
63 4 68
63 5 13
63 6 3
63 7 72
63 8 1073741824
63 9 84
63 10 59
63 11 38
63 12 52
63 13 69
63 14 9
63 15 10
63 16 14
63 17 43
63 18 55
63 19 90
63 20 40
63 21 45
63 22 63
63 23 87
63 24 37
63 25 81
63 26 3
63 27 1073741824
63 28 56
63 29 55
63 30 46
63 31 89
63 32 54
63 33 64
63 34 34
63 35 43
63 36 42
63 37 66
63 38 63
63 39 76
63 40 82
63 41 23
63 42 32
63 43 87
63 44 68
63 45 15
63 46 62
63 47 49
63 48 40
63 49 47
63 50 1073741824
63 51 67
63 52 60
63 53 84
63 54 90
63 55 1073741824
63 56 51
63 57 33
63 58 44
63 59 56
63 60 1073741824
63 61 1073741824
63 62 49
63 63 0
63 64 8
63 65 18
63 66 35
63 67 19
63 68 32
63 69 63
63 70 14
63 71 14
63 72 61
63 73 48
63 74 30
63 75 78
63 76 15
63 77 72
63 78 38
63 79 1073741824
63 80 49
63 81 62
63 82 69
63 83 90
63 84 37
63 85 76
63 86 77
63 87 75
63 88 61
63 89 4
63 90 78
63 91 83
63 92 55
63 93 78
63 94 41
63 95 90
63 96 73
63 97 53
63 98 16
63 99 37
63 100 14
64 1 1073741824
64 2 1073741824
64 3 17
64 4 23
64 5 17
64 6 6
64 7 53
64 8 19
64 9 15
64 10 67
64 11 73
64 12 65
64 13 34
64 14 1
64 15 1073741824
64 16 38
64 17 1073741824
64 18 56
64 19 4
64 20 19
64 21 61
64 22 4
64 23 1073741824
64 24 46
64 25 76
64 26 1073741824
64 27 49
64 28 1073741824
64 29 4
64 30 14
64 31 25
64 32 16
64 33 64
64 34 29
64 35 69
64 36 35
64 37 24
64 38 35
64 39 49
64 40 42
64 41 71
64 42 41
64 43 84
64 44 11
64 45 47
64 46 5
64 47 75
64 48 60
64 49 67
64 50 50
64 51 1073741824
64 52 53
64 53 56
64 54 35
64 55 48
64 56 10
64 57 25
64 58 85
64 59 64
64 60 48
64 61 19
64 62 9
64 63 8
64 64 0
64 65 42
64 66 75
64 67 20
64 68 87
64 69 15
64 70 5
64 71 4
64 72 83
64 73 54
64 74 12
64 75 29
64 76 18
64 77 3
64 78 72
64 79 1073741824
64 80 2
64 81 14
64 82 38
64 83 24
64 84 14
64 85 39
64 86 31
64 87 74
64 88 84
64 89 23
64 90 42
64 91 45
64 92 16
64 93 44
64 94 14
64 95 24
64 96 1073741824
64 97 17
64 98 63
64 99 58
64 100 25
65 1 31
65 2 76
65 3 69
65 4 65
65 5 26
65 6 1073741824
65 7 44
65 8 77
65 9 20
65 10 71
65 11 45
65 12 89
65 13 73
65 14 70
65 15 9
65 16 33
65 17 80
65 18 7
65 19 83
65 20 57
65 21 5
65 22 85
65 23 59
65 24 89
65 25 21
65 26 32
65 27 40
65 28 55
65 29 81
65 30 53
65 31 74
65 32 88
65 33 36
65 34 78
65 35 22
65 36 1073741824
65 37 72
65 38 71
65 39 42
65 40 13
65 41 1073741824
65 42 67
65 43 57
65 44 22
65 45 66
65 46 18
65 47 53
65 48 65
65 49 14
65 50 71
65 51 9
65 52 40
65 53 50
65 54 47
65 55 7
65 56 3
65 57 1073741824
65 58 35
65 59 15
65 60 21
65 61 7
65 62 82
65 63 18
65 64 42
65 65 0
65 66 1073741824
65 67 11
65 68 1073741824
65 69 7
65 70 40
65 71 52
65 72 27
65 73 27
65 74 34
65 75 86
65 76 35
65 77 65
65 78 44
65 79 72
65 80 39
65 81 30
65 82 40
65 83 34
65 84 7
65 85 20
65 86 27
65 87 57
65 88 66
65 89 1073741824
65 90 1073741824
65 91 28
65 92 89
65 93 1073741824
65 94 84
65 95 71
65 96 13
65 97 15
65 98 57
65 99 14
65 100 79
66 1 1073741824
66 2 22
66 3 46
66 4 62
66 5 78
66 6 32
66 7 20
66 8 21
66 9 2
66 10 50
66 11 16
66 12 61
66 13 23
66 14 75
66 15 43
66 16 80
66 17 44
66 18 10
66 19 1073741824
66 20 90
66 21 5
66 22 16
66 23 71
66 24 15
66 25 43
66 26 76
66 27 22
66 28 45
66 29 33
66 30 54
66 31 40
66 32 1073741824
66 33 1073741824
66 34 43
66 35 84
66 36 1073741824
66 37 21
66 38 29
66 39 86
66 40 18
66 41 13
66 42 80
66 43 9
66 44 29
66 45 4
66 46 47
66 47 58
66 48 52
66 49 86
66 50 34
66 51 88
66 52 49
66 53 5
66 54 14
66 55 1073741824
66 56 48
66 57 87
66 58 68
66 59 33
66 60 28
66 61 4
66 62 87
66 63 35
66 64 75
66 65 1073741824
66 66 0
66 67 59
66 68 58
66 69 17
66 70 1073741824
66 71 84
66 72 11
66 73 54
66 74 44
66 75 55
66 76 72
66 77 22
66 78 66
66 79 15
66 80 14
66 81 18
66 82 24
66 83 35
66 84 67
66 85 23
66 86 78
66 87 43
66 88 56
66 89 62
66 90 59
66 91 32
66 92 51
66 93 61
66 94 25
66 95 15
66 96 11
66 97 1073741824
66 98 34
66 99 69
66 100 82
67 1 85
67 2 56
67 3 34
67 4 61
67 5 29
67 6 54
67 7 19
67 8 90
67 9 87
67 10 5
67 11 56
67 12 55
67 13 73
67 14 82
67 15 7
67 16 80
67 17 34
67 18 75
67 19 68
67 20 36
67 21 4
67 22 13
67 23 68
67 24 14
67 25 63
67 26 75
67 27 85
67 28 62
67 29 19
67 30 78
67 31 20
67 32 1073741824
67 33 10
67 34 77
67 35 1073741824
67 36 77
67 37 75
67 38 4
67 39 31
67 40 30
67 41 25
67 42 5
67 43 46
67 44 51
67 45 43
67 46 24
67 47 27
67 48 1073741824
67 49 17
67 50 82
67 51 68
67 52 62
67 53 88
67 54 59
67 55 45
67 56 6
67 57 83
67 58 1073741824
67 59 57
67 60 22
67 61 24
67 62 53
67 63 19
67 64 20
67 65 11
67 66 59
67 67 0
67 68 29
67 69 45
67 70 73
67 71 69
67 72 1073741824
67 73 83
67 74 1073741824
67 75 76
67 76 18
67 77 6
67 78 43
67 79 28
67 80 78
67 81 42
67 82 23
67 83 58
67 84 48
67 85 62
67 86 67
67 87 35
67 88 62
67 89 2
67 90 57
67 91 1073741824
67 92 1073741824
67 93 49
67 94 70
67 95 1073741824
67 96 41
67 97 8
67 98 39
67 99 77
67 100 35
68 1 86
68 2 49
68 3 43
68 4 19
68 5 51
68 6 6
68 7 6
68 8 18
68 9 1073741824
68 10 28
68 11 70
68 12 54
68 13 59
68 14 61
68 15 74
68 16 46
68 17 33
68 18 1073741824
68 19 58
68 20 30
68 21 72
68 22 29
68 23 79
68 24 61
68 25 79
68 26 16
68 27 18
68 28 54
68 29 22
68 30 17
68 31 16
68 32 61
68 33 85
68 34 1073741824
68 35 58
68 36 84
68 37 46
68 38 52
68 39 10
68 40 31
68 41 40
68 42 68
68 43 22
68 44 75
68 45 52
68 46 77
68 47 84
68 48 1073741824
68 49 1073741824
68 50 42
68 51 58
68 52 48
68 53 57
68 54 39
68 55 81
68 56 61
68 57 6
68 58 25
68 59 42
68 60 45
68 61 26
68 62 1073741824
68 63 32
68 64 87
68 65 1073741824
68 66 58
68 67 29
68 68 0
68 69 1073741824
68 70 28
68 71 9
68 72 22
68 73 46
68 74 89
68 75 40
68 76 90
68 77 6
68 78 57
68 79 42
68 80 76
68 81 1
68 82 40
68 83 45
68 84 44
68 85 36
68 86 52
68 87 50
68 88 30
68 89 9
68 90 34
68 91 19
68 92 28
68 93 73
68 94 17
68 95 55
68 96 38
68 97 48
68 98 83
68 99 54
68 100 1
69 1 2
69 2 1073741824
69 3 30
69 4 29
69 5 1073741824
69 6 80
69 7 64
69 8 5
69 9 49
69 10 51
69 11 90
69 12 58
69 13 16
69 14 5
69 15 13
69 16 23
69 17 68
69 18 90
69 19 33
69 20 45
69 21 68
69 22 44
69 23 81
69 24 52
69 25 1073741824
69 26 14
69 27 1073741824
69 28 62
69 29 14
69 30 55
69 31 1073741824
69 32 48
69 33 53
69 34 78
69 35 71
69 36 90
69 37 43
69 38 23
69 39 38
69 40 79
69 41 4
69 42 1073741824
69 43 81
69 44 11
69 45 21
69 46 74
69 47 42
69 48 8
69 49 80
69 50 14
69 51 57
69 52 63
69 53 1073741824
69 54 81
69 55 60
69 56 54
69 57 10
69 58 44
69 59 47
69 60 26
69 61 76
69 62 1073741824
69 63 63
69 64 15
69 65 7
69 66 17
69 67 45
69 68 1073741824
69 69 0
69 70 58
69 71 47
69 72 1073741824
69 73 53
69 74 44
69 75 54
69 76 42
69 77 76
69 78 62
69 79 79
69 80 41
69 81 23
69 82 50
69 83 11
69 84 14
69 85 89
69 86 75
69 87 7
69 88 86
69 89 35
69 90 42
69 91 82
69 92 69
69 93 26
69 94 1073741824
69 95 57
69 96 10
69 97 71
69 98 23
69 99 53
69 100 67
70 1 66
70 2 75
70 3 73
70 4 44
70 5 15
70 6 62
70 7 70
70 8 1073741824
70 9 78
70 10 81
70 11 84
70 12 65
70 13 83
70 14 17
70 15 23
70 16 7
70 17 17
70 18 49
70 19 17
70 20 15
70 21 43
70 22 81
70 23 82
70 24 75
70 25 32
70 26 52
70 27 49
70 28 78
70 29 15
70 30 30
70 31 3
70 32 70
70 33 73
70 34 68
70 35 23
70 36 64
70 37 85
70 38 53
70 39 46
70 40 40
70 41 58
70 42 31
70 43 21
70 44 57
70 45 2
70 46 6
70 47 1073741824
70 48 57
70 49 15
70 50 29
70 51 72
70 52 10
70 53 31
70 54 32
70 55 49
70 56 54
70 57 64
70 58 56
70 59 49
70 60 15
70 61 33
70 62 40
70 63 14
70 64 5
70 65 40
70 66 1073741824
70 67 73
70 68 28
70 69 58
70 70 0
70 71 82
70 72 29
70 73 1073741824
70 74 16
70 75 63
70 76 26
70 77 1
70 78 1073741824
70 79 1073741824
70 80 15
70 81 40
70 82 55
70 83 35
70 84 22
70 85 81
70 86 66
70 87 80
70 88 78
70 89 55
70 90 54
70 91 1073741824
70 92 24
70 93 65
70 94 38
70 95 63
70 96 22
70 97 88
70 98 1073741824
70 99 28
70 100 63
71 1 1
71 2 83
71 3 90
71 4 34
71 5 1073741824
71 6 45
71 7 72
71 8 58
71 9 37
71 10 17
71 11 90
71 12 37
71 13 41
71 14 75
71 15 1
71 16 23
71 17 31
71 18 80
71 19 83
71 20 36
71 21 4
71 22 84
71 23 76
71 24 63
71 25 1073741824
71 26 69
71 27 59
71 28 74
71 29 23
71 30 46
71 31 1073741824
71 32 4
71 33 77
71 34 89
71 35 71
71 36 38
71 37 13
71 38 10
71 39 68
71 40 5
71 41 44
71 42 17
71 43 65
71 44 6
71 45 45
71 46 1073741824
71 47 59
71 48 83
71 49 64
71 50 75
71 51 87
71 52 75
71 53 8
71 54 84
71 55 25
71 56 70
71 57 49
71 58 59
71 59 81
71 60 1073741824
71 61 67
71 62 89
71 63 14
71 64 4
71 65 52
71 66 84
71 67 69
71 68 9
71 69 47
71 70 82
71 71 0
71 72 79
71 73 5
71 74 15
71 75 71
71 76 41
71 77 61
71 78 52
71 79 82
71 80 48
71 81 1073741824
71 82 22
71 83 44
71 84 17
71 85 4
71 86 1073741824
71 87 4
71 88 77
71 89 42
71 90 48
71 91 42
71 92 6
71 93 14
71 94 88
71 95 1073741824
71 96 16
71 97 1073741824
71 98 15
71 99 87
71 100 69
72 1 66
72 2 81
72 3 1073741824
72 4 58
72 5 6
72 6 26
72 7 63
72 8 34
72 9 6
72 10 11
72 11 19
72 12 64
72 13 30
72 14 79
72 15 61
72 16 64
72 17 1073741824
72 18 38
72 19 31
72 20 5
72 21 55
72 22 26
72 23 77
72 24 55
72 25 88
72 26 2
72 27 1073741824
72 28 52
72 29 15
72 30 1073741824
72 31 62
72 32 1
72 33 50
72 34 28
72 35 67
72 36 59
72 37 67
72 38 31
72 39 14
72 40 13
72 41 34
72 42 1073741824
72 43 1073741824
72 44 75
72 45 3
72 46 29
72 47 1073741824
72 48 21
72 49 61
72 50 24
72 51 40
72 52 74
72 53 3
72 54 89
72 55 12
72 56 90
72 57 63
72 58 60
72 59 1073741824
72 60 4
72 61 41
72 62 63
72 63 61
72 64 83
72 65 27
72 66 11
72 67 1073741824
72 68 22
72 69 1073741824
72 70 29
72 71 79
72 72 0
72 73 11
72 74 61
72 75 1
72 76 59
72 77 83
72 78 1073741824
72 79 69
72 80 19
72 81 12
72 82 46
72 83 53
72 84 48
72 85 25
72 86 50
72 87 26
72 88 1073741824
72 89 1073741824
72 90 52
72 91 63
72 92 35
72 93 1073741824
72 94 75
72 95 50
72 96 62
72 97 78
72 98 47
72 99 1073741824
72 100 3
73 1 45
73 2 39
73 3 11
73 4 25
73 5 68
73 6 87
73 7 13
73 8 78
73 9 33
73 10 16
73 11 14
73 12 33
73 13 47
73 14 41
73 15 16
73 16 9
73 17 72
73 18 50
73 19 71
73 20 29
73 21 51
73 22 34
73 23 20
73 24 30
73 25 13
73 26 34
73 27 1073741824
73 28 64
73 29 57
73 30 9
73 31 9
73 32 31
73 33 86
73 34 29
73 35 28
73 36 87
73 37 50
73 38 43
73 39 30
73 40 87
73 41 10
73 42 1073741824
73 43 61
73 44 47
73 45 82
73 46 13
73 47 89
73 48 26
73 49 51
73 50 40
73 51 19
73 52 16
73 53 61
73 54 1073741824
73 55 4
73 56 50
73 57 13
73 58 1073741824
73 59 78
73 60 14
73 61 79
73 62 36
73 63 48
73 64 54
73 65 27
73 66 54
73 67 83
73 68 46
73 69 53
73 70 1073741824
73 71 5
73 72 11
73 73 0
73 74 29
73 75 7
73 76 14
73 77 1073741824
73 78 1073741824
73 79 32
73 80 63
73 81 52
73 82 56
73 83 68
73 84 80
73 85 65
73 86 1073741824
73 87 60
73 88 66
73 89 28
73 90 73
73 91 57
73 92 32
73 93 13
73 94 39
73 95 7
73 96 1073741824
73 97 20
73 98 16
73 99 13
73 100 1
74 1 15
74 2 21
74 3 81
74 4 27
74 5 64
74 6 23
74 7 9
74 8 29
74 9 19
74 10 18
74 11 38
74 12 72
74 13 61
74 14 16
74 15 51
74 16 27
74 17 1073741824
74 18 29
74 19 69
74 20 89
74 21 10
74 22 38
74 23 36
74 24 5
74 25 13
74 26 1073741824
74 27 89
74 28 15
74 29 1073741824
74 30 79
74 31 1073741824
74 32 11
74 33 74
74 34 1073741824
74 35 33
74 36 70
74 37 1073741824
74 38 21
74 39 1
74 40 1073741824
74 41 55
74 42 89
74 43 67
74 44 61
74 45 45
74 46 44
74 47 47
74 48 4
74 49 34
74 50 10
74 51 6
74 52 42
74 53 1073741824
74 54 41
74 55 71
74 56 18
74 57 76
74 58 9
74 59 88
74 60 29
74 61 18
74 62 27
74 63 30
74 64 12
74 65 34
74 66 44
74 67 1073741824
74 68 89
74 69 44
74 70 16
74 71 15
74 72 61
74 73 29
74 74 0
74 75 73
74 76 4
74 77 26
74 78 75
74 79 52
74 80 17
74 81 24
74 82 1073741824
74 83 41
74 84 57
74 85 74
74 86 89
74 87 62
74 88 43
74 89 54
74 90 79
74 91 52
74 92 15
74 93 7
74 94 20
74 95 82
74 96 74
74 97 29
74 98 19
74 99 89
74 100 78
75 1 67
75 2 46
75 3 45
75 4 88
75 5 71
75 6 30
75 7 8
75 8 79
75 9 17
75 10 81
75 11 58
75 12 59
75 13 73
75 14 87
75 15 9
75 16 4
75 17 16
75 18 57
75 19 72
75 20 66
75 21 1
75 22 21
75 23 44
75 24 1073741824
75 25 37
75 26 3
75 27 11
75 28 24
75 29 88
75 30 4
75 31 30
75 32 64
75 33 59
75 34 36
75 35 46
75 36 19
75 37 30
75 38 24
75 39 53
75 40 16
75 41 81
75 42 11
75 43 21
75 44 88
75 45 79
75 46 1073741824
75 47 38
75 48 22
75 49 18
75 50 1073741824
75 51 53
75 52 2
75 53 70
75 54 55
75 55 62
75 56 82
75 57 1073741824
75 58 36
75 59 68
75 60 61
75 61 23
75 62 16
75 63 78
75 64 29
75 65 86
75 66 55
75 67 76
75 68 40
75 69 54
75 70 63
75 71 71
75 72 1
75 73 7
75 74 73
75 75 0
75 76 31
75 77 46
75 78 18
75 79 1073741824
75 80 37
75 81 68
75 82 10
75 83 71
75 84 30
75 85 1073741824
75 86 77
75 87 36
75 88 8
75 89 84
75 90 58
75 91 71
75 92 46
75 93 53
75 94 47
75 95 73
75 96 63
75 97 57
75 98 58
75 99 23
75 100 64
76 1 67
76 2 82
76 3 60
76 4 87
76 5 88
76 6 79
76 7 88
76 8 18
76 9 54
76 10 27
76 11 41
76 12 50
76 13 82
76 14 73
76 15 5
76 16 35
76 17 8
76 18 66
76 19 1073741824
76 20 38
76 21 40
76 22 2
76 23 2
76 24 4
76 25 1
76 26 12
76 27 41
76 28 57
76 29 7
76 30 32
76 31 82
76 32 81
76 33 5
76 34 81
76 35 17
76 36 32
76 37 51
76 38 85
76 39 48
76 40 49
76 41 19
76 42 5
76 43 28
76 44 34
76 45 87
76 46 4
76 47 80
76 48 73
76 49 78
76 50 36
76 51 64
76 52 25
76 53 1
76 54 26
76 55 6
76 56 1073741824
76 57 29
76 58 1073741824
76 59 40
76 60 57
76 61 76
76 62 42
76 63 15
76 64 18
76 65 35
76 66 72
76 67 18
76 68 90
76 69 42
76 70 26
76 71 41
76 72 59
76 73 14
76 74 4
76 75 31
76 76 0
76 77 1073741824
76 78 89
76 79 61
76 80 50
76 81 12
76 82 63
76 83 44
76 84 18
76 85 75
76 86 87
76 87 54
76 88 55
76 89 18
76 90 1073741824
76 91 58
76 92 28
76 93 37
76 94 51
76 95 56
76 96 49
76 97 27
76 98 80
76 99 1073741824
76 100 73
77 1 22
77 2 1073741824
77 3 39
77 4 89
77 5 78
77 6 37
77 7 1073741824
77 8 20
77 9 17
77 10 47
77 11 51
77 12 49
77 13 1073741824
77 14 4
77 15 61
77 16 59
77 17 20
77 18 21
77 19 72
77 20 44
77 21 15
77 22 40
77 23 21
77 24 1073741824
77 25 6
77 26 84
77 27 64
77 28 1073741824
77 29 2
77 30 60
77 31 56
77 32 16
77 33 23
77 34 71
77 35 80
77 36 52
77 37 84
77 38 34
77 39 90
77 40 1073741824
77 41 17
77 42 39
77 43 32
77 44 1073741824
77 45 1073741824
77 46 29
77 47 84
77 48 11
77 49 16
77 50 84
77 51 40
77 52 75
77 53 1073741824
77 54 11
77 55 82
77 56 1073741824
77 57 60
77 58 57
77 59 16
77 60 55
77 61 56
77 62 23
77 63 72
77 64 3
77 65 65
77 66 22
77 67 6
77 68 6
77 69 76
77 70 1
77 71 61
77 72 83
77 73 1073741824
77 74 26
77 75 46
77 76 1073741824
77 77 0
77 78 36
77 79 1073741824
77 80 56
77 81 78
77 82 1073741824
77 83 57
77 84 79
77 85 72
77 86 1
77 87 5
77 88 81
77 89 90
77 90 49
77 91 76
77 92 83
77 93 40
77 94 51
77 95 83
77 96 20
77 97 73
77 98 11
77 99 34
77 100 52
78 1 15
78 2 64
78 3 6
78 4 76
78 5 64
78 6 29
78 7 42
78 8 51
78 9 50
78 10 82
78 11 35
78 12 63
78 13 44
78 14 1073741824
78 15 66
78 16 54
78 17 1073741824
78 18 28
78 19 86
78 20 34
78 21 1073741824
78 22 29
78 23 47
78 24 65
78 25 12
78 26 66
78 27 67
78 28 1073741824
78 29 31
78 30 14
78 31 23
78 32 13
78 33 73
78 34 1073741824
78 35 67
78 36 50
78 37 1073741824
78 38 1073741824
78 39 29
78 40 3
78 41 9
78 42 49
78 43 33
78 44 73
78 45 30
78 46 69
78 47 1
78 48 22
78 49 77
78 50 15
78 51 51
78 52 18
78 53 12
78 54 43
78 55 2
78 56 68
78 57 39
78 58 27
78 59 32
78 60 3
78 61 36
78 62 48
78 63 38
78 64 72
78 65 44
78 66 66
78 67 43
78 68 57
78 69 62
78 70 1073741824
78 71 52
78 72 1073741824
78 73 1073741824
78 74 75
78 75 18
78 76 89
78 77 36
78 78 0
78 79 71
78 80 11
78 81 5
78 82 33
78 83 43
78 84 3
78 85 1073741824
78 86 15
78 87 8
78 88 3
78 89 38
78 90 3
78 91 71
78 92 84
78 93 1073741824
78 94 1073741824
78 95 12
78 96 36
78 97 48
78 98 41
78 99 28
78 100 37
79 1 25
79 2 70
79 3 14
79 4 69
79 5 49
79 6 64
79 7 74
79 8 21
79 9 66
79 10 43
79 11 90
79 12 1073741824
79 13 68
79 14 17
79 15 89
79 16 14
79 17 12
79 18 71
79 19 57
79 20 32
79 21 13
79 22 69
79 23 60
79 24 34
79 25 60
79 26 64
79 27 35
79 28 17
79 29 40
79 30 1
79 31 70
79 32 1
79 33 54
79 34 79
79 35 78
79 36 1073741824
79 37 72
79 38 30
79 39 34
79 40 80
79 41 64
79 42 1
79 43 37
79 44 68
79 45 1073741824
79 46 1073741824
79 47 80
79 48 42
79 49 40
79 50 58
79 51 78
79 52 79
79 53 1073741824
79 54 20
79 55 57
79 56 81
79 57 35
79 58 55
79 59 67
79 60 18
79 61 21
79 62 31
79 63 1073741824
79 64 1073741824
79 65 72
79 66 15
79 67 28
79 68 42
79 69 79
79 70 1073741824
79 71 82
79 72 69
79 73 32
79 74 52
79 75 1073741824
79 76 61
79 77 1073741824
79 78 71
79 79 0
79 80 73
79 81 1073741824
79 82 53
79 83 57
79 84 89
79 85 63
79 86 57
79 87 8
79 88 59
79 89 19
79 90 30
79 91 1073741824
79 92 1073741824
79 93 3
79 94 24
79 95 6
79 96 54
79 97 45
79 98 57
79 99 10
79 100 15
80 1 64
80 2 43
80 3 1073741824
80 4 40
80 5 65
80 6 47
80 7 80
80 8 6
80 9 3
80 10 37
80 11 27
80 12 61
80 13 73
80 14 26
80 15 38
80 16 4
80 17 9
80 18 44
80 19 48
80 20 28
80 21 75
80 22 27
80 23 31
80 24 53
80 25 32
80 26 32
80 27 16
80 28 47
80 29 40
80 30 59
80 31 26
80 32 69
80 33 17
80 34 71
80 35 1073741824
80 36 54
80 37 18
80 38 64
80 39 1073741824
80 40 55
80 41 56
80 42 9
80 43 14
80 44 24
80 45 1073741824
80 46 32
80 47 1073741824
80 48 13
80 49 35
80 50 59
80 51 15
80 52 45
80 53 34
80 54 89
80 55 24
80 56 8
80 57 82
80 58 89
80 59 79
80 60 90
80 61 59
80 62 77
80 63 49
80 64 2
80 65 39
80 66 14
80 67 78
80 68 76
80 69 41
80 70 15
80 71 48
80 72 19
80 73 63
80 74 17
80 75 37
80 76 50
80 77 56
80 78 11
80 79 73
80 80 0
80 81 88
80 82 67
80 83 84
80 84 5
80 85 54
80 86 29
80 87 26
80 88 7
80 89 37
80 90 78
80 91 14
80 92 43
80 93 10
80 94 3
80 95 27
80 96 31
80 97 27
80 98 83
80 99 37
80 100 3
81 1 44
81 2 43
81 3 88
81 4 69
81 5 52
81 6 80
81 7 1073741824
81 8 13
81 9 29
81 10 29
81 11 16
81 12 82
81 13 34
81 14 1073741824
81 15 18
81 16 24
81 17 37
81 18 53
81 19 29
81 20 4
81 21 40
81 22 46
81 23 1073741824
81 24 1073741824
81 25 50
81 26 62
81 27 43
81 28 25
81 29 35
81 30 24
81 31 14
81 32 59
81 33 69
81 34 8
81 35 22
81 36 84
81 37 54
81 38 77
81 39 3
81 40 76
81 41 1073741824
81 42 1073741824
81 43 62
81 44 44
81 45 29
81 46 81
81 47 71
81 48 68
81 49 24
81 50 3
81 51 75
81 52 62
81 53 34
81 54 24
81 55 49
81 56 40
81 57 39
81 58 36
81 59 3
81 60 38
81 61 26
81 62 44
81 63 62
81 64 14
81 65 30
81 66 18
81 67 42
81 68 1
81 69 23
81 70 40
81 71 1073741824
81 72 12
81 73 52
81 74 24
81 75 68
81 76 12
81 77 78
81 78 5
81 79 1073741824
81 80 88
81 81 0
81 82 36
81 83 71
81 84 75
81 85 65
81 86 59
81 87 90
81 88 37
81 89 79
81 90 86
81 91 90
81 92 48
81 93 30
81 94 1073741824
81 95 27
81 96 71
81 97 1073741824
81 98 62
81 99 28
81 100 81
82 1 1073741824
82 2 20
82 3 52
82 4 56
82 5 62
82 6 49
82 7 35
82 8 40
82 9 51
82 10 84
82 11 62
82 12 6
82 13 16
82 14 78
82 15 81
82 16 59
82 17 50
82 18 28
82 19 18
82 20 11
82 21 47
82 22 1073741824
82 23 28
82 24 74
82 25 65
82 26 68
82 27 24
82 28 74
82 29 85
82 30 51
82 31 36
82 32 46
82 33 25
82 34 19
82 35 41
82 36 62
82 37 1073741824
82 38 47
82 39 24
82 40 47
82 41 26
82 42 57
82 43 63
82 44 13
82 45 1073741824
82 46 2
82 47 80
82 48 2
82 49 30
82 50 1073741824
82 51 86
82 52 44
82 53 23
82 54 4
82 55 1073741824
82 56 89
82 57 56
82 58 52
82 59 82
82 60 84
82 61 9
82 62 1073741824
82 63 69
82 64 38
82 65 40
82 66 24
82 67 23
82 68 40
82 69 50
82 70 55
82 71 22
82 72 46
82 73 56
82 74 1073741824
82 75 10
82 76 63
82 77 1073741824
82 78 33
82 79 53
82 80 67
82 81 36
82 82 0
82 83 55
82 84 61
82 85 58
82 86 66
82 87 46
82 88 2
82 89 35
82 90 15
82 91 27
82 92 1073741824
82 93 25
82 94 70
82 95 69
82 96 24
82 97 1
82 98 11
82 99 54
82 100 4
83 1 19
83 2 54
83 3 48
83 4 19
83 5 30
83 6 39
83 7 76
83 8 32
83 9 1073741824
83 10 24
83 11 1073741824
83 12 73
83 13 1073741824
83 14 44
83 15 31
83 16 39
83 17 67
83 18 30
83 19 49
83 20 30
83 21 35
83 22 26
83 23 78
83 24 71
83 25 73
83 26 53
83 27 24
83 28 14
83 29 1073741824
83 30 63
83 31 17
83 32 43
83 33 58
83 34 8
83 35 20
83 36 11
83 37 64
83 38 8
83 39 1073741824
83 40 65
83 41 44
83 42 1073741824
83 43 63
83 44 37
83 45 23
83 46 33
83 47 69
83 48 88
83 49 5
83 50 34
83 51 8
83 52 90
83 53 78
83 54 10
83 55 69
83 56 44
83 57 25
83 58 49
83 59 54
83 60 34
83 61 49
83 62 20
83 63 90
83 64 24
83 65 34
83 66 35
83 67 58
83 68 45
83 69 11
83 70 35
83 71 44
83 72 53
83 73 68
83 74 41
83 75 71
83 76 44
83 77 57
83 78 43
83 79 57
83 80 84
83 81 71
83 82 55
83 83 0
83 84 1073741824
83 85 1073741824
83 86 12
83 87 83
83 88 70
83 89 32
83 90 24
83 91 5
83 92 77
83 93 17
83 94 1073741824
83 95 73
83 96 37
83 97 76
83 98 73
83 99 32
83 100 2
84 1 34
84 2 90
84 3 5
84 4 70
84 5 39
84 6 60
84 7 36
84 8 64
84 9 36
84 10 9
84 11 1073741824
84 12 18
84 13 25
84 14 57
84 15 17
84 16 58
84 17 42
84 18 1073741824
84 19 42
84 20 1073741824
84 21 7
84 22 88
84 23 84
84 24 29
84 25 13
84 26 80
84 27 39
84 28 8
84 29 31
84 30 5
84 31 45
84 32 23
84 33 5
84 34 32
84 35 31
84 36 78
84 37 2
84 38 19
84 39 63
84 40 19
84 41 19
84 42 9
84 43 49
84 44 33
84 45 79
84 46 22
84 47 43
84 48 59
84 49 90
84 50 22
84 51 1073741824
84 52 30
84 53 87
84 54 5
84 55 72
84 56 64
84 57 86
84 58 83
84 59 2
84 60 22
84 61 73
84 62 1073741824
84 63 37
84 64 14
84 65 7
84 66 67
84 67 48
84 68 44
84 69 14
84 70 22
84 71 17
84 72 48
84 73 80
84 74 57
84 75 30
84 76 18
84 77 79
84 78 3
84 79 89
84 80 5
84 81 75
84 82 61
84 83 1073741824
84 84 0
84 85 51
84 86 74
84 87 83
84 88 43
84 89 88
84 90 1073741824
84 91 80
84 92 18
84 93 60
84 94 7
84 95 1073741824
84 96 65
84 97 35
84 98 63
84 99 67
84 100 48
85 1 1073741824
85 2 4
85 3 55
85 4 83
85 5 20
85 6 48
85 7 45
85 8 25
85 9 1
85 10 47
85 11 8
85 12 76
85 13 62
85 14 1073741824
85 15 28
85 16 53
85 17 15
85 18 23
85 19 89
85 20 10
85 21 1073741824
85 22 14
85 23 21
85 24 1073741824
85 25 61
85 26 79
85 27 28
85 28 83
85 29 11
85 30 40
85 31 24
85 32 78
85 33 37
85 34 18
85 35 33
85 36 44
85 37 1073741824
85 38 6
85 39 50
85 40 85
85 41 48
85 42 55
85 43 45
85 44 45
85 45 1073741824
85 46 27
85 47 77
85 48 82
85 49 45
85 50 78
85 51 87
85 52 79
85 53 49
85 54 43
85 55 1073741824
85 56 38
85 57 69
85 58 31
85 59 53
85 60 70
85 61 43
85 62 65
85 63 76
85 64 39
85 65 20
85 66 23
85 67 62
85 68 36
85 69 89
85 70 81
85 71 4
85 72 25
85 73 65
85 74 74
85 75 1073741824
85 76 75
85 77 72
85 78 1073741824
85 79 63
85 80 54
85 81 65
85 82 58
85 83 1073741824
85 84 51
85 85 0
85 86 62
85 87 10
85 88 40
85 89 4
85 90 22
85 91 24
85 92 37
85 93 43
85 94 77
85 95 28
85 96 57
85 97 60
85 98 23
85 99 73
85 100 28
86 1 2
86 2 45
86 3 64
86 4 23
86 5 26
86 6 67
86 7 84
86 8 66
86 9 3
86 10 59
86 11 22
86 12 51
86 13 44
86 14 42
86 15 89
86 16 1073741824
86 17 73
86 18 36
86 19 90
86 20 88
86 21 78
86 22 17
86 23 57
86 24 4
86 25 45
86 26 77
86 27 32
86 28 18
86 29 43
86 30 20
86 31 1073741824
86 32 52
86 33 77
86 34 40
86 35 7
86 36 70
86 37 37
86 38 19
86 39 68
86 40 43
86 41 25
86 42 81
86 43 51
86 44 35
86 45 26
86 46 5
86 47 61
86 48 35
86 49 12
86 50 35
86 51 68
86 52 62
86 53 13
86 54 23
86 55 25
86 56 80
86 57 32
86 58 5
86 59 1073741824
86 60 50
86 61 27
86 62 35
86 63 77
86 64 31
86 65 27
86 66 78
86 67 67
86 68 52
86 69 75
86 70 66
86 71 1073741824
86 72 50
86 73 1073741824
86 74 89
86 75 77
86 76 87
86 77 1
86 78 15
86 79 57
86 80 29
86 81 59
86 82 66
86 83 12
86 84 74
86 85 62
86 86 0
86 87 72
86 88 15
86 89 7
86 90 10
86 91 47
86 92 56
86 93 69
86 94 3
86 95 63
86 96 1073741824
86 97 1073741824
86 98 76
86 99 1073741824
86 100 61
87 1 40
87 2 1073741824
87 3 1073741824
87 4 21
87 5 43
87 6 13
87 7 78
87 8 56
87 9 60
87 10 87
87 11 70
87 12 60
87 13 4
87 14 64
87 15 84
87 16 43
87 17 64
87 18 69
87 19 64
87 20 69
87 21 73
87 22 74
87 23 46
87 24 36
87 25 60
87 26 5
87 27 44
87 28 63
87 29 14
87 30 65
87 31 89
87 32 1073741824
87 33 43
87 34 41
87 35 53
87 36 70
87 37 24
87 38 8
87 39 19
87 40 1073741824
87 41 2
87 42 42
87 43 44
87 44 63
87 45 17
87 46 43
87 47 40
87 48 45
87 49 85
87 50 56
87 51 47
87 52 62
87 53 56
87 54 1073741824
87 55 10
87 56 7
87 57 1073741824
87 58 68
87 59 51
87 60 1
87 61 78
87 62 15
87 63 75
87 64 74
87 65 57
87 66 43
87 67 35
87 68 50
87 69 7
87 70 80
87 71 4
87 72 26
87 73 60
87 74 62
87 75 36
87 76 54
87 77 5
87 78 8
87 79 8
87 80 26
87 81 90
87 82 46
87 83 83
87 84 83
87 85 10
87 86 72
87 87 0
87 88 2
87 89 63
87 90 67
87 91 56
87 92 40
87 93 61
87 94 86
87 95 70
87 96 68
87 97 80
87 98 8
87 99 1073741824
87 100 8
88 1 44
88 2 1073741824
88 3 47
88 4 56
88 5 19
88 6 6
88 7 79
88 8 1073741824
88 9 66
88 10 42
88 11 58
88 12 81
88 13 58
88 14 70
88 15 56
88 16 73
88 17 72
88 18 73
88 19 88
88 20 1073741824
88 21 18
88 22 28
88 23 22
88 24 73
88 25 1073741824
88 26 56
88 27 49
88 28 20
88 29 4
88 30 9
88 31 68
88 32 24
88 33 16
88 34 24
88 35 53
88 36 45
88 37 15
88 38 22
88 39 12
88 40 72
88 41 72
88 42 1073741824
88 43 54
88 44 7
88 45 11
88 46 1073741824
88 47 36
88 48 32
88 49 62
88 50 56
88 51 1073741824
88 52 58
88 53 39
88 54 59
88 55 17
88 56 75
88 57 70
88 58 77
88 59 30
88 60 13
88 61 10
88 62 63
88 63 61
88 64 84
88 65 66
88 66 56
88 67 62
88 68 30
88 69 86
88 70 78
88 71 77
88 72 1073741824
88 73 66
88 74 43
88 75 8
88 76 55
88 77 81
88 78 3
88 79 59
88 80 7
88 81 37
88 82 2
88 83 70
88 84 43
88 85 40
88 86 15
88 87 2
88 88 0
88 89 60
88 90 65
88 91 82
88 92 1073741824
88 93 43
88 94 5
88 95 2
88 96 1073741824
88 97 28
88 98 72
88 99 7
88 100 41
89 1 11
89 2 9
89 3 52
89 4 23
89 5 1073741824
89 6 51
89 7 85
89 8 32
89 9 16
89 10 14
89 11 16
89 12 56
89 13 7
89 14 13
89 15 5
89 16 48
89 17 89
89 18 3
89 19 75
89 20 30
89 21 58
89 22 40
89 23 42
89 24 20
89 25 70
89 26 6
89 27 84
89 28 62
89 29 60
89 30 44
89 31 48
89 32 54
89 33 30
89 34 1073741824
89 35 73
89 36 4
89 37 40
89 38 1073741824
89 39 82
89 40 53
89 41 76
89 42 1
89 43 15
89 44 65
89 45 62
89 46 82
89 47 56
89 48 5
89 49 80
89 50 39
89 51 68
89 52 14
89 53 31
89 54 7
89 55 1073741824
89 56 71
89 57 56
89 58 32
89 59 9
89 60 20
89 61 28
89 62 3
89 63 4
89 64 23
89 65 1073741824
89 66 62
89 67 2
89 68 9
89 69 35
89 70 55
89 71 42
89 72 1073741824
89 73 28
89 74 54
89 75 84
89 76 18
89 77 90
89 78 38
89 79 19
89 80 37
89 81 79
89 82 35
89 83 32
89 84 88
89 85 4
89 86 7
89 87 63
89 88 60
89 89 0
89 90 3
89 91 10
89 92 57
89 93 62
89 94 1
89 95 21
89 96 84
89 97 50
89 98 40
89 99 38
89 100 58
90 1 60
90 2 60
90 3 65
90 4 79
90 5 39
90 6 23
90 7 1073741824
90 8 61
90 9 73
90 10 78
90 11 73
90 12 34
90 13 1073741824
90 14 40
90 15 1073741824
90 16 70
90 17 41
90 18 46
90 19 89
90 20 56
90 21 41
90 22 3
90 23 59
90 24 43
90 25 65
90 26 65
90 27 75
90 28 15
90 29 90
90 30 82
90 31 52
90 32 80
90 33 89
90 34 32
90 35 28
90 36 1073741824
90 37 62
90 38 40
90 39 27
90 40 21
90 41 90
90 42 41
90 43 54
90 44 73
90 45 25
90 46 50
90 47 86
90 48 64
90 49 7
90 50 26
90 51 32
90 52 1073741824
90 53 7
90 54 85
90 55 72
90 56 1073741824
90 57 44
90 58 18
90 59 85
90 60 1073741824
90 61 60
90 62 54
90 63 78
90 64 42
90 65 1073741824
90 66 59
90 67 57
90 68 34
90 69 42
90 70 54
90 71 48
90 72 52
90 73 73
90 74 79
90 75 58
90 76 1073741824
90 77 49
90 78 3
90 79 30
90 80 78
90 81 86
90 82 15
90 83 24
90 84 1073741824
90 85 22
90 86 10
90 87 67
90 88 65
90 89 3
90 90 0
90 91 73
90 92 1073741824
90 93 9
90 94 1073741824
90 95 49
90 96 11
90 97 11
90 98 2
90 99 10
90 100 34
91 1 57
91 2 24
91 3 53
91 4 37
91 5 37
91 6 1073741824
91 7 89
91 8 54
91 9 90
91 10 18
91 11 71
91 12 65
91 13 73
91 14 26
91 15 31
91 16 76
91 17 85
91 18 1073741824
91 19 31
91 20 19
91 21 80
91 22 19
91 23 83
91 24 81
91 25 79
91 26 18
91 27 1073741824
91 28 1073741824
91 29 52
91 30 9
91 31 67
91 32 35
91 33 1073741824
91 34 17
91 35 14
91 36 67
91 37 45
91 38 41
91 39 72
91 40 18
91 41 65
91 42 30
91 43 63
91 44 46
91 45 72
91 46 53
91 47 44
91 48 2
91 49 3
91 50 63
91 51 21
91 52 74
91 53 74
91 54 70
91 55 43
91 56 51
91 57 51
91 58 1
91 59 39
91 60 81
91 61 55
91 62 7
91 63 83
91 64 45
91 65 28
91 66 32
91 67 1073741824
91 68 19
91 69 82
91 70 1073741824
91 71 42
91 72 63
91 73 57
91 74 52
91 75 71
91 76 58
91 77 76
91 78 71
91 79 1073741824
91 80 14
91 81 90
91 82 27
91 83 5
91 84 80
91 85 24
91 86 47
91 87 56
91 88 82
91 89 10
91 90 73
91 91 0
91 92 18
91 93 7
91 94 55
91 95 1073741824
91 96 15
91 97 1073741824
91 98 55
91 99 18
91 100 68
92 1 44
92 2 42
92 3 76
92 4 36
92 5 87
92 6 41
92 7 35
92 8 8
92 9 47
92 10 84
92 11 29
92 12 78
92 13 14
92 14 68
92 15 64
92 16 28
92 17 1073741824
92 18 69
92 19 89
92 20 53
92 21 32
92 22 44
92 23 30
92 24 90
92 25 54
92 26 24
92 27 57
92 28 67
92 29 64
92 30 1073741824
92 31 17
92 32 72
92 33 1073741824
92 34 67
92 35 16
92 36 88
92 37 1073741824
92 38 1073741824
92 39 82
92 40 1073741824
92 41 14
92 42 40
92 43 50
92 44 33
92 45 29
92 46 52
92 47 36
92 48 27
92 49 86
92 50 1073741824
92 51 1073741824
92 52 81
92 53 30
92 54 62
92 55 68
92 56 85
92 57 72
92 58 1073741824
92 59 47
92 60 20
92 61 26
92 62 27
92 63 55
92 64 16
92 65 89
92 66 51
92 67 1073741824
92 68 28
92 69 69
92 70 24
92 71 6
92 72 35
92 73 32
92 74 15
92 75 46
92 76 28
92 77 83
92 78 84
92 79 1073741824
92 80 43
92 81 48
92 82 1073741824
92 83 77
92 84 18
92 85 37
92 86 56
92 87 40
92 88 1073741824
92 89 57
92 90 1073741824
92 91 18
92 92 0
92 93 38
92 94 21
92 95 1073741824
92 96 67
92 97 61
92 98 70
92 99 33
92 100 41
93 1 61
93 2 64
93 3 1073741824
93 4 80
93 5 1073741824
93 6 31
93 7 79
93 8 77
93 9 11
93 10 20
93 11 2
93 12 69
93 13 28
93 14 86
93 15 58
93 16 1073741824
93 17 61
93 18 9
93 19 13
93 20 5
93 21 71
93 22 13
93 23 13
93 24 34
93 25 39
93 26 45
93 27 80
93 28 58
93 29 87
93 30 50
93 31 61
93 32 86
93 33 87
93 34 88
93 35 23
93 36 83
93 37 38
93 38 82
93 39 1073741824
93 40 8
93 41 68
93 42 47
93 43 1073741824
93 44 51
93 45 44
93 46 16
93 47 1073741824
93 48 57
93 49 87
93 50 58
93 51 1073741824
93 52 42
93 53 1073741824
93 54 28
93 55 86
93 56 45
93 57 48
93 58 7
93 59 69
93 60 69
93 61 47
93 62 76
93 63 78
93 64 44
93 65 1073741824
93 66 61
93 67 49
93 68 73
93 69 26
93 70 65
93 71 14
93 72 1073741824
93 73 13
93 74 7
93 75 53
93 76 37
93 77 40
93 78 1073741824
93 79 3
93 80 10
93 81 30
93 82 25
93 83 17
93 84 60
93 85 43
93 86 69
93 87 61
93 88 43
93 89 62
93 90 9
93 91 7
93 92 38
93 93 0
93 94 82
93 95 85
93 96 52
93 97 47
93 98 70
93 99 89
93 100 34
94 1 71
94 2 87
94 3 53
94 4 15
94 5 19
94 6 20
94 7 23
94 8 88
94 9 75
94 10 84
94 11 66
94 12 42
94 13 39
94 14 4
94 15 50
94 16 63
94 17 24
94 18 47
94 19 82
94 20 46
94 21 44
94 22 79
94 23 48
94 24 79
94 25 59
94 26 54
94 27 10
94 28 71
94 29 61
94 30 77
94 31 82
94 32 88
94 33 35
94 34 86
94 35 39
94 36 34
94 37 89
94 38 37
94 39 75
94 40 24
94 41 71
94 42 70
94 43 25
94 44 8
94 45 39
94 46 2
94 47 27
94 48 65
94 49 37
94 50 13
94 51 40
94 52 84
94 53 86
94 54 31
94 55 38
94 56 57
94 57 54
94 58 2
94 59 83
94 60 52
94 61 18
94 62 76
94 63 41
94 64 14
94 65 84
94 66 25
94 67 70
94 68 17
94 69 1073741824
94 70 38
94 71 88
94 72 75
94 73 39
94 74 20
94 75 47
94 76 51
94 77 51
94 78 1073741824
94 79 24
94 80 3
94 81 1073741824
94 82 70
94 83 1073741824
94 84 7
94 85 77
94 86 3
94 87 86
94 88 5
94 89 1
94 90 1073741824
94 91 55
94 92 21
94 93 82
94 94 0
94 95 57
94 96 66
94 97 20
94 98 84
94 99 37
94 100 31
95 1 72
95 2 87
95 3 87
95 4 14
95 5 1073741824
95 6 62
95 7 48
95 8 16
95 9 60
95 10 8
95 11 21
95 12 2
95 13 4
95 14 36
95 15 61
95 16 52
95 17 38
95 18 29
95 19 26
95 20 36
95 21 23
95 22 10
95 23 71
95 24 3
95 25 18
95 26 50
95 27 68
95 28 33
95 29 35
95 30 2
95 31 64
95 32 1073741824
95 33 14
95 34 63
95 35 39
95 36 51
95 37 38
95 38 67
95 39 77
95 40 72
95 41 36
95 42 23
95 43 5
95 44 58
95 45 1073741824
95 46 79
95 47 53
95 48 7
95 49 1073741824
95 50 1073741824
95 51 41
95 52 1073741824
95 53 80
95 54 31
95 55 53
95 56 74
95 57 9
95 58 11
95 59 86
95 60 18
95 61 15
95 62 73
95 63 90
95 64 24
95 65 71
95 66 15
95 67 1073741824
95 68 55
95 69 57
95 70 63
95 71 1073741824
95 72 50
95 73 7
95 74 82
95 75 73
95 76 56
95 77 83
95 78 12
95 79 6
95 80 27
95 81 27
95 82 69
95 83 73
95 84 1073741824
95 85 28
95 86 63
95 87 70
95 88 2
95 89 21
95 90 49
95 91 1073741824
95 92 1073741824
95 93 85
95 94 57
95 95 0
95 96 34
95 97 69
95 98 26
95 99 2
95 100 54
96 1 79
96 2 66
96 3 89
96 4 25
96 5 73
96 6 1073741824
96 7 21
96 8 28
96 9 51
96 10 1073741824
96 11 43
96 12 87
96 13 88
96 14 58
96 15 51
96 16 65
96 17 83
96 18 77
96 19 1073741824
96 20 60
96 21 53
96 22 88
96 23 1073741824
96 24 1073741824
96 25 84
96 26 29
96 27 7
96 28 55
96 29 26
96 30 66
96 31 18
96 32 61
96 33 74
96 34 79
96 35 1073741824
96 36 47
96 37 88
96 38 22
96 39 25
96 40 71
96 41 86
96 42 1073741824
96 43 41
96 44 47
96 45 43
96 46 6
96 47 1073741824
96 48 36
96 49 21
96 50 31
96 51 8
96 52 1073741824
96 53 1073741824
96 54 16
96 55 1073741824
96 56 63
96 57 77
96 58 46
96 59 74
96 60 32
96 61 20
96 62 76
96 63 73
96 64 1073741824
96 65 13
96 66 11
96 67 41
96 68 38
96 69 10
96 70 22
96 71 16
96 72 62
96 73 1073741824
96 74 74
96 75 63
96 76 49
96 77 20
96 78 36
96 79 54
96 80 31
96 81 71
96 82 24
96 83 37
96 84 65
96 85 57
96 86 1073741824
96 87 68
96 88 1073741824
96 89 84
96 90 11
96 91 15
96 92 67
96 93 52
96 94 66
96 95 34
96 96 0
96 97 13
96 98 60
96 99 39
96 100 1073741824
97 1 6
97 2 34
97 3 1073741824
97 4 53
97 5 64
97 6 30
97 7 17
97 8 83
97 9 59
97 10 44
97 11 79
97 12 34
97 13 90
97 14 39
97 15 72
97 16 26
97 17 63
97 18 42
97 19 84
97 20 53
97 21 39
97 22 58
97 23 61
97 24 1
97 25 34
97 26 64
97 27 26
97 28 34
97 29 33
97 30 22
97 31 70
97 32 66
97 33 71
97 34 7
97 35 46
97 36 79
97 37 30
97 38 4
97 39 83
97 40 60
97 41 1073741824
97 42 11
97 43 55
97 44 43
97 45 69
97 46 3
97 47 17
97 48 46
97 49 21
97 50 74
97 51 40
97 52 1073741824
97 53 50
97 54 10
97 55 13
97 56 44
97 57 27
97 58 1073741824
97 59 53
97 60 1073741824
97 61 76
97 62 59
97 63 53
97 64 17
97 65 15
97 66 1073741824
97 67 8
97 68 48
97 69 71
97 70 88
97 71 1073741824
97 72 78
97 73 20
97 74 29
97 75 57
97 76 27
97 77 73
97 78 48
97 79 45
97 80 27
97 81 1073741824
97 82 1
97 83 76
97 84 35
97 85 60
97 86 1073741824
97 87 80
97 88 28
97 89 50
97 90 11
97 91 1073741824
97 92 61
97 93 47
97 94 20
97 95 69
97 96 13
97 97 0
97 98 81
97 99 68
97 100 24
98 1 40
98 2 42
98 3 47
98 4 68
98 5 27
98 6 43
98 7 7
98 8 67
98 9 22
98 10 1073741824
98 11 1073741824
98 12 23
98 13 46
98 14 52
98 15 38
98 16 6
98 17 14
98 18 76
98 19 60
98 20 1073741824
98 21 17
98 22 52
98 23 74
98 24 6
98 25 54
98 26 55
98 27 60
98 28 11
98 29 81
98 30 84
98 31 62
98 32 33
98 33 35
98 34 33
98 35 1073741824
98 36 87
98 37 6
98 38 44
98 39 50
98 40 85
98 41 18
98 42 12
98 43 3
98 44 1073741824
98 45 27
98 46 62
98 47 75
98 48 31
98 49 20
98 50 43
98 51 24
98 52 22
98 53 86
98 54 21
98 55 55
98 56 25
98 57 45
98 58 42
98 59 51
98 60 55
98 61 15
98 62 55
98 63 16
98 64 63
98 65 57
98 66 34
98 67 39
98 68 83
98 69 23
98 70 1073741824
98 71 15
98 72 47
98 73 16
98 74 19
98 75 58
98 76 80
98 77 11
98 78 41
98 79 57
98 80 83
98 81 62
98 82 11
98 83 73
98 84 63
98 85 23
98 86 76
98 87 8
98 88 72
98 89 40
98 90 2
98 91 55
98 92 70
98 93 70
98 94 84
98 95 26
98 96 60
98 97 81
98 98 0
98 99 42
98 100 1073741824
99 1 43
99 2 10
99 3 78
99 4 44
99 5 1073741824
99 6 5
99 7 87
99 8 25
99 9 4
99 10 85
99 11 90
99 12 2
99 13 54
99 14 49
99 15 1073741824
99 16 60
99 17 73
99 18 47
99 19 90
99 20 79
99 21 41
99 22 33
99 23 77
99 24 42
99 25 40
99 26 78
99 27 50
99 28 27
99 29 52
99 30 11
99 31 71
99 32 52
99 33 73
99 34 64
99 35 1073741824
99 36 57
99 37 82
99 38 82
99 39 1073741824
99 40 25
99 41 5
99 42 25
99 43 31
99 44 13
99 45 1073741824
99 46 1073741824
99 47 90
99 48 1073741824
99 49 32
99 50 23
99 51 83
99 52 83
99 53 1073741824
99 54 1073741824
99 55 80
99 56 59
99 57 10
99 58 1
99 59 68
99 60 25
99 61 29
99 62 66
99 63 37
99 64 58
99 65 14
99 66 69
99 67 77
99 68 54
99 69 53
99 70 28
99 71 87
99 72 1073741824
99 73 13
99 74 89
99 75 23
99 76 1073741824
99 77 34
99 78 28
99 79 10
99 80 37
99 81 28
99 82 54
99 83 32
99 84 67
99 85 73
99 86 1073741824
99 87 1073741824
99 88 7
99 89 38
99 90 10
99 91 18
99 92 33
99 93 89
99 94 37
99 95 2
99 96 39
99 97 68
99 98 42
99 99 0
99 100 13
100 1 88
100 2 16
100 3 81
100 4 56
100 5 75
100 6 29
100 7 1073741824
100 8 36
100 9 33
100 10 68
100 11 17
100 12 74
100 13 28
100 14 15
100 15 37
100 16 15
100 17 22
100 18 51
100 19 67
100 20 79
100 21 46
100 22 37
100 23 25
100 24 1073741824
100 25 11
100 26 1073741824
100 27 82
100 28 79
100 29 22
100 30 3
100 31 12
100 32 13
100 33 88
100 34 3
100 35 63
100 36 50
100 37 1073741824
100 38 32
100 39 68
100 40 90
100 41 1073741824
100 42 4
100 43 86
100 44 85
100 45 15
100 46 71
100 47 33
100 48 3
100 49 23
100 50 18
100 51 38
100 52 3
100 53 4
100 54 50
100 55 84
100 56 69
100 57 31
100 58 49
100 59 33
100 60 1073741824
100 61 51
100 62 1073741824
100 63 14
100 64 25
100 65 79
100 66 82
100 67 35
100 68 1
100 69 67
100 70 63
100 71 69
100 72 3
100 73 1
100 74 78
100 75 64
100 76 73
100 77 52
100 78 37
100 79 15
100 80 3
100 81 81
100 82 4
100 83 2
100 84 48
100 85 28
100 86 61
100 87 8
100 88 41
100 89 58
100 90 34
100 91 68
100 92 41
100 93 34
100 94 31
100 95 54
100 96 1073741824
100 97 24
100 98 1073741824
100 99 13
100 100 0
